"sample"	"cell_count"	"lib_factor"	"Phi_factor"	"SC_rep"	"ST_rep"	"alpha0"	"alpha1"	"CARD_rmse"	"Ave_rmse"	"Median_rmse"	"j"	"WAIC"	"PercentMedianDiff"	"PercentMeanDiff"	"sparsity_level"	"best_WAIC"	"sparsity_level_f"
2	10	0.05	50	1	1	-0.1	0.5	0.000549272484375663	0.000476486976236812	0.000475663355230623	7	7517.13181949246	13.4012045458109	13.251256927895	1	TRUE	"1"
2	10	0.05	50	2	1	-0.1	0.5	0.00070191269623104	0.000610886570997916	0.000612018807909073	16	20827.1978923461	12.806989929753	12.9682972999198	1	TRUE	"1"
2	10	0.05	50	3	1	-0.1	0.5	0.000593221520846979	0.000892079848245744	0.000900882228673307	25	1414.21200169111	-51.8627017083031	-50.3788748210056	1	TRUE	"1"
2	10	0.05	50	4	1	-0.1	0.5	0.000604398478400818	0.000489741124164003	0.000489626217638794	34	6676.39237148735	18.9895019368184	18.9704902203241	1	TRUE	"1"
2	10	0.05	50	5	1	-0.1	0.5	0.000780854808636446	0.000774077167581063	0.000766656934213776	43	13996.0098028558	1.81824767749891	0.867977116926288	1	TRUE	"1"
2	10	0.05	50	6	1	-0.1	0.5	0.000626846729678836	0.00056557598045718	0.000566926595965153	52	18831.3640448301	9.55897684022106	9.77443868185258	1	TRUE	"1"
2	10	0.05	50	7	1	-0.1	0.5	0.000608246329281363	0.000510855319156066	0.000512448562889075	61	19648.4411947871	15.7498305835191	16.0117711257483	1	TRUE	"1"
2	10	0.05	50	8	1	-0.1	0.5	0.000597996868538871	0.000576516393297773	0.000576502527077657	70	47431.1245662038	3.59439030403825	3.59207152599021	1	TRUE	"1"
2	10	0.05	50	9	1	-0.1	0.5	0.00059468510539709	0.000531591425153064	0.000532235254729756	79	5478.64794874634	10.5013308893341	10.6095948379094	1	TRUE	"1"
2	10	0.05	50	10	1	-0.1	0.5	0.000764797439204615	0.000739876214480263	0.000737780112270491	88	32807.5882913604	3.53261210736037	3.25853924802232	1	TRUE	"1"
2	10	0.05	50	1	2	-0.1	0.5	0.00065729879810885	0.000617264912924231	0.000617485049690035	97	13985.0151061893	6.05717651292916	6.09066763849299	1	TRUE	"1"
2	10	0.05	50	2	2	-0.1	0.5	0.000641940351507403	0.000643058053720987	0.000639775950577223	106	26245.4826537207	0.337165427457209	-0.174113094925321	1	TRUE	"1"
2	10	0.05	50	3	2	-0.1	0.5	0.000611016023389468	0.000505941192293225	0.000506145081014787	115	7494.02997669272	17.1633702489395	17.1967390500441	1	TRUE	"1"
2	10	0.05	50	4	2	-0.1	0.5	0.000701597983031325	0.000696189251818057	0.000694703146448937	124	30523.7022789587	0.982733238855427	0.77091601516569	1	TRUE	"1"
2	10	0.05	50	5	2	-0.1	0.5	0.00068747641517216	0.000752792788834754	0.000749441481684093	133	10544.1434974066	-9.01340979041665	-9.50088937178117	1	TRUE	"1"
2	10	0.05	50	6	2	-0.1	0.5	0.00075106953873602	0.000686728077305752	0.000686572918613563	142	11419.7350128005	8.58730341147893	8.56664504575019	1	TRUE	"1"
2	10	0.05	50	7	2	-0.1	0.5	0.000689495757403902	0.000627585458329628	0.000627516265635944	151	26778.3134815415	8.98910415363888	8.97906889338659	1	TRUE	"1"
2	10	0.05	50	8	2	-0.1	0.5	0.000629157519059622	0.000632669441452011	0.000631912678067581	160	17804.2667485979	-0.437912434405496	-0.558194456236993	1	TRUE	"1"
2	10	0.05	50	9	2	-0.1	0.5	0.000674124713139343	0.000608129974445626	0.00060941123350288	169	15991.227466865	9.59963021309481	9.78969282796131	1	TRUE	"1"
2	10	0.05	50	10	2	-0.1	0.5	0.000578619882059584	0.000520108954353032	0.00051878206085905	178	5233.04768154261	10.3414734017681	10.112152990368	1	TRUE	"1"
2	10	0.05	50	1	3	-0.1	0.5	0.000658149928754264	0.000626345517605012	0.000623803885859317	187	9246.99555857681	5.21857427834971	4.83239604833674	1	TRUE	"1"
2	10	0.05	50	2	3	-0.1	0.5	0.000632851918560481	0.000714254619714346	0.000712477261970095	196	8695.61659223006	-12.5819865713189	-12.8628354859108	1	TRUE	"1"
2	10	0.05	50	3	3	-0.1	0.5	0.000738212805129256	0.000671588287742246	0.000670536715195771	205	15412.7029869348	9.16755838739963	9.02510995800792	1	TRUE	"1"
2	10	0.05	50	4	3	-0.1	0.5	0.000612896847887358	0.000512460347349612	0.000514679934562173	214	22142.8599863893	16.0250315634249	16.3871785087407	1	TRUE	"1"
2	10	0.05	50	5	3	-0.1	0.5	0.000662426947257892	0.000696179819835958	0.00068462840274125	223	21242.0540253372	-3.35153265960284	-5.09533507321609	1	TRUE	"1"
2	10	0.05	50	6	3	-0.1	0.5	0.000677905162366716	0.000587259489887907	0.000586008046166056	232	7343.95080730574	13.5560431314355	13.3714385891892	1	TRUE	"1"
2	10	0.05	50	7	3	-0.1	0.5	0.000786406534876324	0.000833404158844448	0.00082197385800913	241	8456.59339536664	-4.52276545977577	-5.97625043585315	1	TRUE	"1"
2	10	0.05	50	8	3	-0.1	0.5	0.000619812967991133	0.000576837403677942	0.00057802318255841	250	36059.869060562	6.74232189238748	6.93363426268387	1	TRUE	"1"
2	10	0.05	50	9	3	-0.1	0.5	0.000669136984363404	0.000590204167181397	0.000590141958200878	259	5838.94458030448	11.8055088880911	11.7962119904493	1	TRUE	"1"
2	10	0.05	50	10	3	-0.1	0.5	0.000622751490049572	0.000565985765196319	0.000566584865187578	268	25825.2119551062	9.01910726179444	9.11530935859092	1	TRUE	"1"
2	10	0.05	50	1	4	-0.1	0.5	0.000647620224077038	0.000643121663462764	0.000637507897030811	277	8985.76651303117	1.56145942795995	0.694629421229886	1	TRUE	"1"
2	10	0.05	50	2	4	-0.1	0.5	0.000703687679164692	0.00064158087154544	0.000642403895379909	286	22505.0345602492	8.70894653968202	8.82590522161415	1	TRUE	"1"
2	10	0.05	50	3	4	-0.1	0.5	0.000656292676032302	0.000650934814514714	0.000648480937077245	295	2009.492620284	1.19028281745939	0.816382951274064	1	TRUE	"1"
2	10	0.05	50	4	4	-0.1	0.5	0.000685463780148696	0.000607847684522371	0.000608051342004787	304	11744.6308866535	11.2934396223118	11.3231505258364	1	TRUE	"1"
2	10	0.05	50	5	4	-0.1	0.5	0.000810924326222165	0.000831166517144355	0.00082750145505703	313	21238.5014818398	-2.04422635982475	-2.49618740832351	1	TRUE	"1"
2	10	0.05	50	6	4	-0.1	0.5	0.000664860380571773	0.000592396241702486	0.000593703481653262	322	14123.1389948182	10.7025325914768	10.8991513085753	1	TRUE	"1"
2	10	0.05	50	7	4	-0.1	0.5	0.00087854046388693	0.000823458517503868	0.000823139008153841	331	18767.3414245767	6.3060790038032	6.26971080414017	1	TRUE	"1"
2	10	0.05	50	8	4	-0.1	0.5	0.000718217468212982	0.000720105805263756	0.00071802221444196	340	22635.8076637825	0.0271858844518968	-0.262919955911478	1	TRUE	"1"
2	10	0.05	50	9	4	-0.1	0.5	0.000640218816614829	0.000578592987910022	0.000578519511562011	349	8985.02833362967	9.63722143923464	9.62574468377155	1	TRUE	"1"
2	10	0.05	50	10	4	-0.1	0.5	0.000668220238653145	0.000609108944454203	0.000609767966307888	358	17259.638328872	8.74745614755281	8.84607959766166	1	TRUE	"1"
2	10	0.05	50	1	5	-0.1	0.5	0.000622009633114411	0.000574442704096918	0.000574469465438992	367	24704.2981234839	7.64299540465059	7.64729780458941	1	TRUE	"1"
2	10	0.05	50	2	5	-0.1	0.5	0.000709922724814555	0.000791026900324209	0.000786300242916942	376	24507.4513840471	-10.758567859951	-11.4243667197496	1	TRUE	"1"
2	10	0.05	50	3	5	-0.1	0.5	0.000665259723421701	0.000725171680058225	0.000721664519541222	385	9992.14749278629	-8.47861280845441	-9.00579946857034	1	TRUE	"1"
2	10	0.05	50	4	5	-0.1	0.5	0.000672377039220893	0.000616135130865458	0.000617214265221904	394	23667.0672408755	8.20414303006368	8.36463845056405	1	TRUE	"1"
2	10	0.05	50	5	5	-0.1	0.5	0.000651050178941611	0.000553394189041954	0.000550820929650455	403	5516.60943087769	15.3950114035903	14.9997639288592	1	TRUE	"1"
2	10	0.05	50	6	5	-0.1	0.5	0.000633985380161828	0.000565582033196291	0.000568291352172139	412	1812.37072558518	10.3620730138793	10.7894202462645	1	TRUE	"1"
2	10	0.05	50	7	5	-0.1	0.5	0.000680153004515529	0.000612095816950226	0.000611256686841818	421	3744.25093106969	10.1295322105921	10.0061584839693	1	TRUE	"1"
2	10	0.05	50	8	5	-0.1	0.5	0.000672394068298861	0.000609674225255014	0.000610098237826724	430	7783.94007845405	9.26477989755962	9.3278400272814	1	TRUE	"1"
2	10	0.05	50	9	5	-0.1	0.5	0.000623478522744703	0.000607851867987186	0.0006070761191973	439	21624.1227723126	2.63078886425715	2.50636616779111	1	TRUE	"1"
2	10	0.05	50	10	5	-0.1	0.5	0.000696033509480356	0.00079361228919065	0.00078199470227896	448	6067.47716665282	-12.3501514837669	-14.0192646447646	1	TRUE	"1"
2	10	0.05	50	1	6	-0.1	0.5	0.000656602721546136	0.000749493294378571	0.000741634801724202	457	3023.70020804964	-12.9503088226372	-14.1471501387781	1	TRUE	"1"
2	10	0.05	50	2	6	-0.1	0.5	0.000633513489502296	0.000550491169748178	0.000551624651196498	466	11642.4688377578	12.926139642288	13.1050595022597	1	TRUE	"1"
2	10	0.05	50	3	6	-0.1	0.5	0.000638184078832069	0.000550623513658715	0.000550559698461059	475	6250.68016573469	13.7302673754209	13.7202678784462	1	TRUE	"1"
2	10	0.05	50	4	6	-0.1	0.5	0.00073937168846462	0.000675751657502745	0.000675598504498683	484	19254.6246603234	8.62532133173356	8.60460739225605	1	TRUE	"1"
2	10	0.05	50	5	6	-0.1	0.5	0.000634253166299433	0.000570322986873335	0.00056992258174119	493	17592.9445756655	10.1427297452185	10.0795995704839	1	TRUE	"1"
2	10	0.05	50	6	6	-0.1	0.5	0.000638852403535425	0.000572821451240059	0.000574157289265973	502	10695.5313734751	10.12677011332	10.3358697454919	1	TRUE	"1"
2	10	0.05	50	7	6	-0.1	0.5	0.000754762891514027	0.000709047601675312	0.000708386444002947	511	19702.3179293305	6.14450551722942	6.05690745434129	1	TRUE	"1"
2	10	0.05	50	8	6	-0.1	0.5	0.000604856417972784	0.000516924397706504	0.000518473033192639	520	9956.1520689746	14.2816348166833	14.5376683876464	1	TRUE	"1"
2	10	0.05	50	9	6	-0.1	0.5	0.000722200770590072	0.000721378344248985	0.000719122586304244	529	9269.51703990158	0.426222791663988	0.113877798886186	1	TRUE	"1"
2	10	0.05	50	10	6	-0.1	0.5	0.000657153591260631	0.000597316772365669	0.000598085045074666	538	32206.2367024638	8.98854498727653	9.10545414203334	1	TRUE	"1"
2	10	0.05	50	1	7	-0.1	0.5	0.000656516731725498	0.000735476655593433	0.000726861191343245	547	4758.10784423995	-10.7148007382635	-12.0271000040483	1	TRUE	"1"
2	10	0.05	50	2	7	-0.1	0.5	0.000800879181914468	0.00073894322029014	0.000738611738410742	556	15661.5956461963	7.77488601400255	7.73349626547573	1	TRUE	"1"
2	10	0.05	50	3	7	-0.1	0.5	0.000609543616461311	0.000503347017891599	0.000503122549522147	565	5792.69812882705	17.4591389467727	17.4223133015868	1	TRUE	"1"
2	10	0.05	50	4	7	-0.1	0.5	0.00071289054936771	0.000698278099147452	0.000698012199779193	574	18406.9396903193	2.08704542397331	2.04974665931795	1	TRUE	"1"
2	10	0.05	50	5	7	-0.1	0.5	0.00083832768381119	0.000961829020930431	0.000954851535935495	583	9050.26795692519	-13.8995591311701	-14.7318691132543	1	TRUE	"1"
2	10	0.05	50	6	7	-0.1	0.5	0.000767357224695193	0.00073869154337045	0.000737654450250374	592	23391.7219821546	3.87078840061975	3.73563711948233	1	TRUE	"1"
2	10	0.05	50	7	7	-0.1	0.5	0.000806048904760021	0.000779428948931852	0.00077748988231082	601	27661.9736401355	3.54308805341078	3.30252366462731	1	TRUE	"1"
2	10	0.05	50	8	7	-0.1	0.5	0.000611880271245294	0.000548301146181601	0.000544463551375627	610	5361.27734150144	11.017959401185	10.3907787277235	1	TRUE	"1"
2	10	0.05	50	9	7	-0.1	0.5	0.000664944216111078	0.00065365351782006	0.000649333627363821	619	8533.22223872307	2.34765388870595	1.6979918040421	1	TRUE	"1"
2	10	0.05	50	10	7	-0.1	0.5	0.000641402994774225	0.000574617988303168	0.000574495000021031	628	9930.60088775857	10.4315064473226	10.4123315630239	1	TRUE	"1"
2	10	0.05	50	1	8	-0.1	0.5	0.000789629181480249	0.00077789176893177	0.000775146242062331	637	59393.5801447895	1.83414440063721	1.48644614760512	1	TRUE	"1"
2	10	0.05	50	2	8	-0.1	0.5	0.000721825091795986	0.000770611531440887	0.000762204079173849	646	4810.87789788309	-5.5940127098375	-6.75876194931304	1	TRUE	"1"
2	10	0.05	50	3	8	-0.1	0.5	0.000648666542163145	0.000689042102095415	0.000682064020041102	655	18754.0185931989	-5.14863581010114	-6.22439378445931	1	TRUE	"1"
2	10	0.05	50	4	8	-0.1	0.5	0.000717029763936374	0.000727734425026902	0.00072581670664836	664	43961.2612191664	-1.22546415141074	-1.49291725796168	1	TRUE	"1"
2	10	0.05	50	5	8	-0.1	0.5	0.00079254476356507	0.00090788662707521	0.000896551832308207	673	3493.83900611689	-13.1231790965708	-14.5533563292126	1	TRUE	"1"
2	10	0.05	50	6	8	-0.1	0.5	0.000721790727751376	0.000665651329509075	0.000663784135970712	682	7726.40671866165	8.03648336705219	7.7777943223508	1	TRUE	"1"
2	10	0.05	50	7	8	-0.1	0.5	0.000702377875087919	0.000706462914284604	0.000703252568337209	691	15867.7976965165	-0.124533143812355	-0.581601349013683	1	TRUE	"1"
2	10	0.05	50	8	8	-0.1	0.5	0.000648865793133905	0.000632376133052813	0.000632080186982804	700	12340.5682808262	2.58691494122841	2.54130519062346	1	TRUE	"1"
2	10	0.05	50	9	8	-0.1	0.5	0.000593677884627271	0.000526899011094488	0.000524831517186319	709	3357.14182218438	11.5965861662803	11.2483343681749	1	TRUE	"1"
2	10	0.05	50	10	8	-0.1	0.5	0.000691223444205677	0.000712005453856158	0.000708094481801802	718	37668.8430285984	-2.44075019988834	-3.00655451210321	1	TRUE	"1"
2	10	0.05	50	1	9	-0.1	0.5	0.000563363893391937	0.000599445014792919	0.000595602362700612	727	17828.489782401	-5.72249476525231	-6.40458535312629	1	TRUE	"1"
2	10	0.05	50	2	9	-0.1	0.5	0.000655250298596676	0.000609421910045667	0.000608447891428973	736	3028.99045048182	7.14267620601443	6.99402787746268	1	TRUE	"1"
2	10	0.05	50	3	9	-0.1	0.5	0.000645984784858969	0.000675097056422485	0.000670985595863703	745	10467.1362287636	-3.87018573667985	-4.5066497301282	1	TRUE	"1"
2	10	0.05	50	4	9	-0.1	0.5	0.000781869556042938	0.00074986646165062	0.000747200984086802	754	31365.3905936826	4.43406085940918	4.09315008430389	1	TRUE	"1"
2	10	0.05	50	5	9	-0.1	0.5	0.000594180122154662	0.000486470908366464	0.00048652104758593	763	4803.01448112601	18.1189290174047	18.1273674046204	1	TRUE	"1"
2	10	0.05	50	6	9	-0.1	0.5	0.000634345450226754	0.00054686018630866	0.000546906673088364	772	9011.2968207618	13.7840946296902	13.791422936323	1	TRUE	"1"
2	10	0.05	50	7	9	-0.1	0.5	0.000817498161889659	0.000799063079788651	0.000797567709606565	781	54972.939625315	2.43798129613213	2.25506098489506	1	TRUE	"1"
2	10	0.05	50	8	9	-0.1	0.5	0.000684498624294078	0.000640134947246716	0.000640398393533999	790	31187.7294781332	6.44270553583055	6.48119301819112	1	TRUE	"1"
2	10	0.05	50	9	9	-0.1	0.5	0.000635133891179615	0.000576423182214874	0.000577163074460454	799	8978.84966963589	9.12733795570151	9.24383185657112	1	TRUE	"1"
2	10	0.05	50	10	9	-0.1	0.5	0.000668996806111156	0.000623876865926317	0.000620997344791745	808	10779.797966821	7.17484162569173	6.74441787653949	1	TRUE	"1"
2	10	0.05	50	1	10	-0.1	0.5	0.000598579914854317	0.000525202324090403	0.000526163144792442	817	11937.7214552368	12.0980955532898	12.2586122492554	1	TRUE	"1"
2	10	0.05	50	2	10	-0.1	0.5	0.00066252130053768	0.000580435487116006	0.00058110416683416	826	23452.609406945	12.2889835598409	12.3899131024249	1	TRUE	"1"
2	10	0.05	50	3	10	-0.1	0.5	0.000798756334743032	0.000751317422872963	0.000749182195177367	835	25341.3059879174	6.2064158253735	5.9390967941845	1	TRUE	"1"
2	10	0.05	50	4	10	-0.1	0.5	0.000781093207755741	0.000733764968071725	0.000733096309212376	844	7072.6261695395	6.14483624576266	6.05923073124662	1	TRUE	"1"
2	10	0.05	50	5	10	-0.1	0.5	0.000725541467892548	0.000654583683284008	0.000652139613478129	853	3940.74985112362	10.1168379290058	9.77997643810055	1	TRUE	"1"
2	10	0.05	50	6	10	-0.1	0.5	0.000672691132059494	0.000646383323199788	0.000644467203436022	862	36161.2670900598	4.19567425202443	3.91083033593183	1	TRUE	"1"
2	10	0.05	50	7	10	-0.1	0.5	0.000705394890795173	0.000652635886703981	0.000650804910368163	871	13208.7817962025	7.73892484044963	7.47935727627942	1	TRUE	"1"
2	10	0.05	50	8	10	-0.1	0.5	0.000647018011564916	0.000619976272087223	0.000620043884473345	880	30703.2921030532	4.16899168329642	4.17944152934602	1	TRUE	"1"
2	10	0.05	50	9	10	-0.1	0.5	0.00059483477020199	0.000523029591865367	0.000523860540446496	889	26259.9302395625	11.9317553900545	12.0714494064024	1	TRUE	"1"
2	10	0.05	50	10	10	-0.1	0.5	0.000585907153997843	0.000518121135790983	0.000519501607020071	898	14901.6736986508	11.3338003341766	11.5694129597724	1	TRUE	"1"
2	10	0.1	10	1	1	-0.1	0.5	0.000459452155208232	0.000441234892976795	0.000440968108390389	2707	83893.0840494421	4.02306238164581	3.96499657797462	2	TRUE	"2"
2	10	0.1	10	2	1	-0.1	0.5	0.00049882020703907	0.000476569502265636	0.000476076802004128	2716	77343.520961677	4.55943939599875	4.4606662800433	2	TRUE	"2"
2	10	0.1	10	3	1	-0.1	0.5	0.000450200772876169	0.000427864650168931	0.000427713830322769	2725	83325.8213044089	4.99486982435403	4.96136924966624	2	TRUE	"2"
2	10	0.1	10	4	1	-0.1	0.5	0.000534623061373029	0.000499858398947303	0.000497323827580877	2734	101245.306035176	6.97673491606583	6.5026492378467	2	TRUE	"2"
2	10	0.1	10	5	1	-0.1	0.5	0.000457350898300291	0.000439609740510884	0.000439735716742225	2743	66444.4305199584	3.8515681555521	3.87911292080996	2	TRUE	"2"
2	10	0.1	10	6	1	-0.1	0.5	0.000584544005234065	0.00055750252672937	0.000555296516652241	2752	153596.06790209	5.00347079431821	4.62608088742045	2	TRUE	"2"
2	10	0.1	10	7	1	-0.1	0.5	0.0004885461438334	0.000465422400918724	0.000464978001425903	2761	96958.8466489122	4.82413845754028	4.73317478943431	2	TRUE	"2"
2	10	0.1	10	8	1	-0.1	0.5	0.000602034420833703	0.000573287585640963	0.000572011504529928	2770	115332.915901874	4.98691026041314	4.77494877334939	2	TRUE	"2"
2	10	0.1	10	9	1	-0.1	0.5	0.000509215112389	0.000485265642515125	0.000484703707823207	2779	89095.8300901568	4.81356581323681	4.7032127073989	2	TRUE	"2"
2	10	0.1	10	10	1	-0.1	0.5	0.00056319588372212	0.000532906422346714	0.000528065898887712	2788	194320.329364402	6.23761391902162	5.37813969364	2	TRUE	"2"
2	10	0.1	10	1	2	-0.1	0.5	0.000523292287556331	0.000502752438106941	0.000501397671370474	2797	118469.747251986	4.18401277956915	3.92511984942621	2	TRUE	"2"
2	10	0.1	10	2	2	-0.1	0.5	0.000486180075707666	0.000446466067802578	0.000443528666803783	2806	97502.638883316	8.77275952573767	8.16857989239517	2	TRUE	"2"
2	10	0.1	10	3	2	-0.1	0.5	0.000567053173055906	0.000552978869796895	0.000553407483005198	2815	118588.935344655	2.4064216019054	2.48200767190194	2	TRUE	"2"
2	10	0.1	10	4	2	-0.1	0.5	0.000541704990886696	0.000524952401976142	0.000524086197456883	2824	86296.3826709484	3.25247020541075	3.09256683848017	2	TRUE	"2"
2	10	0.1	10	5	2	-0.1	0.5	0.000454572475508854	0.000428417966029871	0.000428736959392999	2833	106467.46981307	5.68347568491338	5.75365005320776	2	TRUE	"2"
2	10	0.1	10	6	2	-0.1	0.5	0.000733893141083634	0.000698418496242804	0.000694613304782049	2842	109578.274078627	5.35225554003494	4.83376160028552	2	TRUE	"2"
2	10	0.1	10	7	2	-0.1	0.5	0.000501490724244439	0.000481109876363769	0.000480556084784515	2851	86066.5230637023	4.17448188926409	4.06405281201888	2	TRUE	"2"
2	10	0.1	10	8	2	-0.1	0.5	0.000565348495984767	0.000538920853556551	0.00053769385728072	2860	102499.351020788	4.89160914028365	4.67457552569982	2	TRUE	"2"
2	10	0.1	10	9	2	-0.1	0.5	0.000468333528217198	0.000446913789492547	0.000446491417498868	2869	54045.6814887468	4.6637939422094	4.57360778891688	2	TRUE	"2"
2	10	0.1	10	10	2	-0.1	0.5	0.000537650659192256	0.000517133112305	0.00051499744991893	2878	197108.525282425	4.21336957111879	3.81614837375643	2	TRUE	"2"
2	10	0.1	10	1	3	-0.1	0.5	0.000584031331687409	0.000554148156658836	0.00055188590152833	2887	125405.521090247	5.50405918569522	5.11670751331665	2	TRUE	"2"
2	10	0.1	10	2	3	-0.1	0.5	0.000498669651203398	0.000475544600938301	0.000474308746929356	2896	88418.9578775792	4.88517883838617	4.63734863537239	2	TRUE	"2"
2	10	0.1	10	3	3	-0.1	0.5	0.000489752963886333	0.000466316967542487	0.000465778957891289	2905	75262.3085096985	4.89512218666398	4.78526891555174	2	TRUE	"2"
2	10	0.1	10	4	3	-0.1	0.5	0.000557339160284951	0.000531351439545734	0.000529552340545293	2914	80764.1753263355	4.98562127331077	4.66281980364169	2	TRUE	"2"
2	10	0.1	10	5	3	-0.1	0.5	0.000496620631724577	0.000474736363413996	0.000474014924644094	2923	104262.159865812	4.55190655329434	4.40663696040681	2	TRUE	"2"
2	10	0.1	10	6	3	-0.1	0.5	0.000502766489239362	0.000476561321928831	0.000474358045853431	2932	160166.292486845	5.65042499728049	5.21219450209917	2	TRUE	"2"
2	10	0.1	10	7	3	-0.1	0.5	0.000525527295440564	0.000501412699165104	0.000500241891372174	2941	62255.6930968215	4.81143496974646	4.58864772290164	2	TRUE	"2"
2	10	0.1	10	8	3	-0.1	0.5	0.000513510500144068	0.000490326463114679	0.000489749871653743	2950	62909.5126533842	4.62709691109713	4.51481265190966	2	TRUE	"2"
2	10	0.1	10	9	3	-0.1	0.5	0.000515725779292744	0.000480708291943961	0.000479110826270881	2959	119105.607876094	7.09969415763465	6.78994317422047	2	TRUE	"2"
2	10	0.1	10	10	3	-0.1	0.5	0.000611675537821059	0.000579425407549319	0.000577539062202163	2968	95954.6565101076	5.58081425660708	5.27242439457739	2	TRUE	"2"
2	10	0.1	10	1	4	-0.1	0.5	0.000573597471476893	0.000550641821956712	0.000548861489542951	2977	131051.488448829	4.31242869154415	4.00204859011581	2	TRUE	"2"
2	10	0.1	10	2	4	-0.1	0.5	0.000561401854819539	0.000534199687687434	0.000532753991189977	2986	93030.6199314422	5.10291574272946	4.84540029545309	2	TRUE	"2"
2	10	0.1	10	3	4	-0.1	0.5	0.000636004906931961	0.000598591756182608	0.000594560206218084	2995	154986.71554037	6.51641210030953	5.88252548708016	2	TRUE	"2"
2	10	0.1	10	4	4	-0.1	0.5	0.000487084752477431	0.000468348834290308	0.000467211962147198	3004	89631.0787622919	4.07994506688109	3.84654171411188	2	TRUE	"2"
2	10	0.1	10	5	4	-0.1	0.5	0.00053012459092008	0.000510307097486551	0.000509514126800627	3013	73470.3850535301	3.88785286939463	3.73827092214942	2	TRUE	"2"
2	10	0.1	10	6	4	-0.1	0.5	0.000556691614206282	0.000531902654059814	0.000531006007976751	3022	93279.5857494993	4.61397398021765	4.45290705192524	2	TRUE	"2"
2	10	0.1	10	7	4	-0.1	0.5	0.000569969388818754	0.000537144277869207	0.000535473211865361	3031	92454.1218812318	6.05228589992967	5.75910068040254	2	TRUE	"2"
2	10	0.1	10	8	4	-0.1	0.5	0.000570755192973135	0.000530150306385669	0.000525708733886364	3040	95063.9833093732	7.89243087778474	7.11423865912637	2	TRUE	"2"
2	10	0.1	10	9	4	-0.1	0.5	0.000505682548193485	0.000485707913341552	0.000484190401580191	3049	91644.7519869866	4.25012622841612	3.95003444815151	2	TRUE	"2"
2	10	0.1	10	10	4	-0.1	0.5	0.000539174773056851	0.000515972831958523	0.000514915579584895	3058	84145.1343006098	4.499319086169	4.303231949593	2	TRUE	"2"
2	10	0.1	10	1	5	-0.1	0.5	0.000683389875968722	0.000638582528402338	0.000634552117877826	3067	124161.522838762	7.14639765795005	6.55663028412127	2	TRUE	"2"
2	10	0.1	10	2	5	-0.1	0.5	0.000591169659760251	0.000571206125685322	0.00056974075615352	3076	86402.5784507174	3.62483142579102	3.37695511691606	2	TRUE	"2"
2	10	0.1	10	3	5	-0.1	0.5	0.000564868671481257	0.000546395991500173	0.000545716123169664	3085	65231.2801507718	3.39061967472339	3.27026102060911	2	TRUE	"2"
2	10	0.1	10	4	5	-0.1	0.5	0.000541312839173607	0.000502629535515797	0.000500017286975181	3094	105911.955757852	7.6287775219722	7.14620102432185	2	TRUE	"2"
2	10	0.1	10	5	5	-0.1	0.5	0.000596931653221532	0.000575589703799388	0.000572927999550661	3103	169398.75073308	4.0211728664962	3.57527521064855	2	TRUE	"2"
2	10	0.1	10	6	5	-0.1	0.5	0.000450523699796192	0.000436996694904595	0.00043755258039889	3112	75322.0537106827	2.87912032223165	3.00250683764614	2	TRUE	"2"
2	10	0.1	10	7	5	-0.1	0.5	0.000531309888022912	0.000505497884357676	0.000505275571249268	3121	84915.7743706963	4.90002489329201	4.8581824368612	2	TRUE	"2"
2	10	0.1	10	8	5	-0.1	0.5	0.000660671999697679	0.000621300373956752	0.000617008104176077	3130	135035.183052455	6.60901257228738	5.95933016064602	2	TRUE	"2"
2	10	0.1	10	9	5	-0.1	0.5	0.000491968124661418	0.000468524127298522	0.00046849818637933	3139	119365.814888415	4.77062173453615	4.76534884836911	2	TRUE	"2"
2	10	0.1	10	10	5	-0.1	0.5	0.000446126224260512	0.000424818341478932	0.000423763347474194	3148	56010.0790947991	5.01267927555383	4.77620046140517	2	TRUE	"2"
2	10	0.1	10	1	6	-0.1	0.5	0.00063573517871769	0.000575147357685179	0.000569133457057987	3157	99137.4702442737	10.476331008462	9.53035525809971	2	TRUE	"2"
2	10	0.1	10	2	6	-0.1	0.5	0.00052678047302905	0.000493812366435443	0.000490783193047145	3166	118577.443534695	6.83344995210537	6.2584147062317	2	TRUE	"2"
2	10	0.1	10	3	6	-0.1	0.5	0.000596243899666009	0.000569386248367522	0.000566757969645594	3175	178741.044681397	4.94527994951922	4.50447397676211	2	TRUE	"2"
2	10	0.1	10	4	6	-0.1	0.5	0.000506902501052412	0.000478893535078968	0.00047782945844809	3184	137234.786028478	5.73543088541929	5.52551346961059	2	TRUE	"2"
2	10	0.1	10	5	6	-0.1	0.5	0.000465896512466135	0.000445036434449822	0.000444377769851146	3193	62766.8913824128	4.6187816476847	4.47740591701238	2	TRUE	"2"
2	10	0.1	10	6	6	-0.1	0.5	0.000492012228064162	0.000473649765896641	0.000473457946757824	3202	55541.5720240113	3.77110166130221	3.73211500042766	2	TRUE	"2"
2	10	0.1	10	7	6	-0.1	0.5	0.000567587713827759	0.000535449285423436	0.000533245865963366	3211	99075.8618355359	6.05049176149266	5.6622840173168	2	TRUE	"2"
2	10	0.1	10	8	6	-0.1	0.5	0.000425529773689236	0.000409288483299691	0.000409104350597437	3220	104466.576733181	3.85999384940688	3.81672244664271	2	TRUE	"2"
2	10	0.1	10	9	6	-0.1	0.5	0.000693304636012512	0.000652329463751486	0.000647041849154911	3229	192774.507256753	6.67279352460094	5.91012523682108	2	TRUE	"2"
2	10	0.1	10	10	6	-0.1	0.5	0.000441366926062104	0.000416934461725029	0.000416433322360905	3238	115313.364951915	5.64917809398574	5.53563552100801	2	TRUE	"2"
2	10	0.1	10	1	7	-0.1	0.5	0.000536147247594428	0.000510157270989788	0.000508155032785376	3247	137998.470458608	5.22099384724009	4.84754453580637	2	TRUE	"2"
2	10	0.1	10	2	7	-0.1	0.5	0.000566501003643359	0.000540149699920931	0.000538627933046651	3256	103340.974748146	4.92021557198433	4.65158994475807	2	TRUE	"2"
2	10	0.1	10	3	7	-0.1	0.5	0.000473143525505941	0.000453664428842516	0.000452011975796082	3265	78534.1774669662	4.46620286883628	4.11695302024806	2	TRUE	"2"
2	10	0.1	10	4	7	-0.1	0.5	0.000628364424914678	0.000599195172920652	0.000598176643031243	3274	125081.049395615	4.80418379629528	4.64209156939249	2	TRUE	"2"
2	10	0.1	10	5	7	-0.1	0.5	0.000484187579015024	0.000462827367496982	0.000462237851580958	3283	74772.9815677179	4.53331072199703	4.41155709972875	2	TRUE	"2"
2	10	0.1	10	6	7	-0.1	0.5	0.000493992073186059	0.000479345361706374	0.000479300248729405	3292	80033.7948986439	2.97410125670595	2.96496892859419	2	TRUE	"2"
2	10	0.1	10	7	7	-0.1	0.5	0.000529585115565497	0.0005074363307594	0.000506799512518211	3301	83656.6660503987	4.30253841688055	4.18228990111368	2	TRUE	"2"
2	10	0.1	10	8	7	-0.1	0.5	0.000496992636992819	0.000473037422531431	0.000472188066844197	3310	74384.6381854805	4.99093312502739	4.8200340766284	2	TRUE	"2"
2	10	0.1	10	9	7	-0.1	0.5	0.000695791156809111	0.000669660589017541	0.000664926967392492	3319	330441.553304873	4.4358410012224	3.75551881277199	2	TRUE	"2"
2	10	0.1	10	10	7	-0.1	0.5	0.000523617838952566	0.000504475829442004	0.000502817236699715	3328	71379.7594996163	3.97247777013479	3.65572142248883	2	TRUE	"2"
2	10	0.1	10	1	8	-0.1	0.5	0.000481101503128975	0.000455125795488697	0.000452789004136371	3337	94401.4772232585	5.8849325575717	5.39921564811955	2	TRUE	"2"
2	10	0.1	10	2	8	-0.1	0.5	0.000620353357791274	0.000585067092505631	0.000581179537402676	3346	137322.239355905	6.31475914438081	5.68809128579192	2	TRUE	"2"
2	10	0.1	10	3	8	-0.1	0.5	0.000546989929775776	0.000527038905799737	0.000526246544127788	3355	84510.5556680049	3.792279257589	3.64742070922903	2	TRUE	"2"
2	10	0.1	10	4	8	-0.1	0.5	0.000478666628998966	0.000460433609410984	0.000459950821969476	3364	93601.264518394	3.90998784866827	3.8091269546224	2	TRUE	"2"
2	10	0.1	10	5	8	-0.1	0.5	0.000485407961781762	0.000468764955051091	0.000468082720301556	3373	95104.5621585578	3.56921246545107	3.4286637305207	2	TRUE	"2"
2	10	0.1	10	6	8	-0.1	0.5	0.000504888414480199	0.000485177768521969	0.000484241240990212	3382	85467.3283887103	4.0894528172614	3.90396083430095	2	TRUE	"2"
2	10	0.1	10	7	8	-0.1	0.5	0.000458116388572684	0.000440261846198327	0.000440606860959865	3391	64155.9017692264	3.82206968569104	3.89738128120344	2	TRUE	"2"
2	10	0.1	10	8	8	-0.1	0.5	0.00054704749108734	0.000514751342373268	0.000512491757080691	3400	94871.0752707468	6.3167704028702	5.90371937359195	2	TRUE	"2"
2	10	0.1	10	9	8	-0.1	0.5	0.000503569333306281	0.000473662632321541	0.000472072013115785	3409	75021.9488961139	6.25481301327344	5.93894405530649	2	TRUE	"2"
2	10	0.1	10	10	8	-0.1	0.5	0.000645518546661407	0.000594167678633653	0.000588961167215414	3418	82849.5802863908	8.76154213360806	7.95497949568427	2	TRUE	"2"
2	10	0.1	10	1	9	-0.1	0.5	0.000675445353674699	0.000639914836234923	0.000637427346133554	3427	90240.4185559485	5.62858376837021	5.26030969736863	2	TRUE	"2"
2	10	0.1	10	2	9	-0.1	0.5	0.000601240142607844	0.000566151439516697	0.000562797266848573	3436	123992.315938711	6.39393031751471	5.8360546152078	2	TRUE	"2"
2	10	0.1	10	3	9	-0.1	0.5	0.000535656591922691	0.000517567113737068	0.000517220145210477	3445	80404.4812278246	3.44184072225053	3.37706628806573	2	TRUE	"2"
2	10	0.1	10	4	9	-0.1	0.5	0.000617672541550799	0.000589199491169576	0.000586756375462618	3454	103939.431105842	5.00526800342445	4.60973225549824	2	TRUE	"2"
2	10	0.1	10	5	9	-0.1	0.5	0.000568640148068523	0.000524727104482363	0.000519254298838256	3463	147334.481538589	8.68490369489617	7.72246626189123	2	TRUE	"2"
2	10	0.1	10	6	9	-0.1	0.5	0.000686613484350829	0.000650747708413557	0.000646831205501604	3472	134640.275752676	5.79398449869331	5.22357581881484	2	TRUE	"2"
2	10	0.1	10	7	9	-0.1	0.5	0.000459925376646379	0.000451132929688226	0.000452229799257657	3481	144353.716693866	1.67322304431983	1.91171163945433	2	TRUE	"2"
2	10	0.1	10	8	9	-0.1	0.5	0.000499384509172666	0.000477158309429253	0.000477634743925687	3490	83316.7559911221	4.35531436147524	4.45071870175455	2	TRUE	"2"
2	10	0.1	10	9	9	-0.1	0.5	0.000549381165235497	0.000525693719625204	0.000524000412892929	3499	74914.2572283292	4.61988032146838	4.31165957430287	2	TRUE	"2"
2	10	0.1	10	10	9	-0.1	0.5	0.000569297002503929	0.000533396772639179	0.000528251147452995	3508	75745.4537841901	7.20991940417793	6.30606339166563	2	TRUE	"2"
2	10	0.1	10	1	10	-0.1	0.5	0.000455575801650464	0.000434995507102257	0.000434368131906958	3517	55786.993219334	4.65513525228397	4.51742486621295	2	TRUE	"2"
2	10	0.1	10	2	10	-0.1	0.5	0.00044901869926619	0.000431032917916222	0.000430274695133753	3526	71826.2314824732	4.17443731476425	4.00557513069306	2	TRUE	"2"
2	10	0.1	10	3	10	-0.1	0.5	0.000540213045459916	0.000521776897999299	0.000521891008503214	3535	126551.974228666	3.39163171098615	3.41275495206177	2	TRUE	"2"
2	10	0.1	10	4	10	-0.1	0.5	0.000444142005699159	0.000421418630218378	0.000420006211379528	3544	78375.5014735431	5.43425166048797	5.11624101958344	2	TRUE	"2"
2	10	0.1	10	5	10	-0.1	0.5	0.000640990996374866	0.000593488169756459	0.00058799946715228	3553	148346.353007282	8.26712536093026	7.41084147625473	2	TRUE	"2"
2	10	0.1	10	6	10	-0.1	0.5	0.00054804571996558	0.000528135555920917	0.000527503554503105	3562	137749.326366507	3.74825762050746	3.63293851577081	2	TRUE	"2"
2	10	0.1	10	7	10	-0.1	0.5	0.00049925224212575	0.000486115409844768	0.000486354275593547	3571	123965.750385937	2.58345690693045	2.63130160919199	2	TRUE	"2"
2	10	0.1	10	8	10	-0.1	0.5	0.000487764964034029	0.000467598158650111	0.000466386051279145	3580	90777.3338395618	4.38303575108621	4.13453340664932	2	TRUE	"2"
2	10	0.1	10	9	10	-0.1	0.5	0.000490214117403644	0.000465066461625479	0.000463542503783331	3589	90138.4876248595	5.44080895947585	5.12993299975862	2	TRUE	"2"
2	10	0.1	10	10	10	-0.1	0.5	0.000500403454799054	0.000476629312203911	0.000475746518564375	3598	126601.647692484	4.92741127148694	4.75099489564673	2	TRUE	"2"
2	10	0.2	4	1	1	-0.1	0.5	0.000366688564383812	0.00035616052477611	0.00035563100726378	4507	603797.305366752	3.01551730652218	2.87111206355547	3	TRUE	"3"
2	10	0.2	4	2	1	-0.1	0.5	0.000446103375038584	0.000434867112630507	0.00043375855113001	4516	922517.013178328	2.76725633548656	2.51875754293613	3	TRUE	"3"
2	10	0.2	4	3	1	-0.1	0.5	0.000496251431762955	0.000484097936843197	0.000483130756165766	4525	952935.648826403	2.64395722760491	2.44905992040813	3	TRUE	"3"
2	10	0.2	4	4	1	-0.1	0.5	0.000422998512325513	0.000412144038482027	0.000409348599985119	4534	1551182.84331047	3.22694098032423	2.56607849134304	3	TRUE	"3"
2	10	0.2	4	5	1	-0.1	0.5	0.000430392201255754	0.000420514680104145	0.000419585323090471	4543	995320.367906219	2.51093726460461	2.29500467777748	3	TRUE	"3"
2	10	0.2	4	6	1	-0.1	0.5	0.000405715489935122	0.000397503472003904	0.00039672487145632	4552	947578.507970071	2.21599093498746	2.02408291892705	3	TRUE	"3"
2	10	0.2	4	7	1	-0.1	0.5	0.000524928694263249	0.000513582721058857	0.000511811714743941	4561	1469822.6605612	2.49881167912104	2.16143131979409	3	TRUE	"3"
2	10	0.2	4	8	1	-0.1	0.5	0.000433913297168023	0.000426241148188722	0.000425284710712978	4570	872292.843877313	1.98855082601999	1.76812949254472	3	TRUE	"3"
2	10	0.2	4	9	1	-0.1	0.5	0.00040290071709964	0.000399731698608487	0.000398773622527305	4579	1225856.07214225	1.02434530324108	0.786550719980306	3	TRUE	"3"
2	10	0.2	4	10	1	-0.1	0.5	0.000449826621616989	0.000437157384068418	0.000435593370662353	4588	786021.399557055	3.16416376235638	2.81647126686922	3	TRUE	"3"
2	10	0.2	4	1	2	-0.1	0.5	0.000455539196611024	0.000444299719361436	0.000443334812788965	4597	1106061.9144279	2.6791072893076	2.46729092319693	3	TRUE	"3"
2	10	0.2	4	2	2	-0.1	0.5	0.000505882043256805	0.000496436992703264	0.000493474214445959	4606	1183899.13430437	2.45271184779874	1.8670460198063	3	TRUE	"3"
2	10	0.2	4	3	2	-0.1	0.5	0.000486669630023384	0.000478474272475435	0.000477702511861039	4615	1205086.16504913	1.84254730707435	1.68396732451853	3	TRUE	"3"
2	10	0.2	4	4	2	-0.1	0.5	0.000427201293014272	0.00041478090887937	0.000414152691797869	4624	570499.050014468	3.05443860535483	2.90738449016985	3	TRUE	"3"
2	10	0.2	4	5	2	-0.1	0.5	0.000447233560816168	0.000438980077342953	0.000437396342821289	4633	1229820.24877186	2.19957061740348	1.8454526217024	3	TRUE	"3"
2	10	0.2	4	6	2	-0.1	0.5	0.000437299813769256	0.000431680681978609	0.000430223992735138	4642	1146345.64983548	1.61807090040329	1.28496093840369	3	TRUE	"3"
2	10	0.2	4	7	2	-0.1	0.5	0.000500998342532858	0.000489155930554422	0.000488179370717779	4651	665605.878149781	2.55868547394202	2.36376270599323	3	TRUE	"3"
2	10	0.2	4	8	2	-0.1	0.5	0.000470262947487722	0.00046272399180233	0.000461134654715197	4660	1287878.50505964	1.94110397625238	1.60313622956417	3	TRUE	"3"
2	10	0.2	4	9	2	-0.1	0.5	0.000489749497004159	0.000481015644317198	0.000479106814447201	4669	865156.082644638	2.17308698060137	1.78333060889021	3	TRUE	"3"
2	10	0.2	4	10	2	-0.1	0.5	0.000427764420587403	0.000424453600549155	0.000422171973572469	4678	1332218.22007389	1.30736609820293	0.773982098301118	3	TRUE	"3"
2	10	0.2	4	1	3	-0.1	0.5	0.000413251584172826	0.000401051434825098	0.000400343742289903	4687	668494.255546293	3.12348273479917	2.95223292903961	3	TRUE	"3"
2	10	0.2	4	2	3	-0.1	0.5	0.000446066869611594	0.000438845048501773	0.000436649364759037	4696	1681117.88115183	2.111231632324	1.61899966166716	3	TRUE	"3"
2	10	0.2	4	3	3	-0.1	0.5	0.000370782565606221	0.00036096310200932	0.000359976609007955	4705	912652.5330709	2.91436480585296	2.64830779754879	3	TRUE	"3"
2	10	0.2	4	4	3	-0.1	0.5	0.000488298206220606	0.000482832565171249	0.000480329920157962	4714	1256092.38509181	1.63184831751041	1.11932441686826	3	TRUE	"3"
2	10	0.2	4	5	3	-0.1	0.5	0.000520566906307722	0.000518751715205107	0.000516590199094996	4723	1811323.61969395	0.763918559658894	0.34869506313604	3	TRUE	"3"
2	10	0.2	4	6	3	-0.1	0.5	0.000611859336588883	0.000602746339764691	0.000600056304199351	4732	1994036.84613818	1.92904343918885	1.48939409423692	3	TRUE	"3"
2	10	0.2	4	7	3	-0.1	0.5	0.000519685462095504	0.000513250950626991	0.000510699718249166	4741	1792273.88367202	1.72907354577628	1.23815498755101	3	TRUE	"3"
2	10	0.2	4	8	3	-0.1	0.5	0.000377468651524394	0.000367252409815503	0.000366569866515243	4750	1016385.02847618	2.88733513766956	2.70651394960431	3	TRUE	"3"
2	10	0.2	4	9	3	-0.1	0.5	0.000451822010749866	0.000445109190967297	0.000443713446805546	4759	1366745.39168828	1.79463677098466	1.48572216998195	3	TRUE	"3"
2	10	0.2	4	10	3	-0.1	0.5	0.000429502815425799	0.000421132870057449	0.000420102056319689	4768	793953.632852695	2.18875377959749	1.94875215429082	3	TRUE	"3"
2	10	0.2	4	1	4	-0.1	0.5	0.000527990652354569	0.000518723484110397	0.000516987313048386	4777	1052265.90590702	2.08400267260672	1.75517657421494	3	TRUE	"3"
2	10	0.2	4	2	4	-0.1	0.5	0.000438097721278264	0.000426374090730564	0.000424883861018201	4786	1398439.06663444	3.0161901371018	2.67603093517429	3	TRUE	"3"
2	10	0.2	4	3	4	-0.1	0.5	0.00046906556879711	0.00045382636684709	0.000452658759807665	4795	936521.609115137	3.49776450902574	3.24884258486506	3	TRUE	"3"
2	10	0.2	4	4	4	-0.1	0.5	0.000491317184905255	0.000481708131024928	0.00048055976320255	4804	1083490.60774655	2.18950650073029	1.95577402450923	3	TRUE	"3"
2	10	0.2	4	5	4	-0.1	0.5	0.000438355921669426	0.000432077697790444	0.000430926584324711	4813	975539.0784322	1.69481852016982	1.43222061540133	3	TRUE	"3"
2	10	0.2	4	6	4	-0.1	0.5	0.000422602768529422	0.000412394255838455	0.000410881591413628	4822	1067109.82043498	2.77356846396947	2.41562844618618	3	TRUE	"3"
2	10	0.2	4	7	4	-0.1	0.5	0.000469916786149322	0.000459107220724741	0.000457547912209279	4831	1072960.07373054	2.63214132897842	2.30031480959825	3	TRUE	"3"
2	10	0.2	4	8	4	-0.1	0.5	0.000435344703250818	0.000425844271392426	0.000424750827137781	4840	986876.390105379	2.43344550512037	2.18227804024033	3	TRUE	"3"
2	10	0.2	4	9	4	-0.1	0.5	0.000541631433192114	0.000534054925323971	0.000531898138830171	4849	1976098.09145727	1.7970327727436	1.39883090305352	3	TRUE	"3"
2	10	0.2	4	10	4	-0.1	0.5	0.000581849101383604	0.00057748572356603	0.000575044495758345	4858	2039214.00322316	1.16947944219168	0.749915709622684	3	TRUE	"3"
2	10	0.2	4	1	5	-0.1	0.5	0.00042103317085861	0.000411093823428616	0.000410490167940442	4867	621290.327793592	2.50407892961674	2.36070412450514	3	TRUE	"3"
2	10	0.2	4	2	5	-0.1	0.5	0.00041336961462085	0.000399655823235919	0.000398371847702712	4876	677946.109499313	3.628173525017	3.31756154779531	3	TRUE	"3"
2	10	0.2	4	3	5	-0.1	0.5	0.000446754606378832	0.000443957415817526	0.000442996429534505	4885	1396500.31255967	0.841217256781757	0.626113423648533	3	TRUE	"3"
2	10	0.2	4	4	5	-0.1	0.5	0.000450904404110022	0.000442592589281394	0.000440045977449894	4894	1356754.93220522	2.40814384626831	1.84336519068461	3	TRUE	"3"
2	10	0.2	4	5	5	-0.1	0.5	0.000555282945336928	0.000550543675411085	0.00054789377819418	4903	1413229.81654505	1.33070305954822	0.853487391543661	3	TRUE	"3"
2	10	0.2	4	6	5	-0.1	0.5	0.000468490844239039	0.000461324743317586	0.000459882745858087	4912	1019671.11284677	1.83741016218451	1.52961386750102	3	TRUE	"3"
2	10	0.2	4	7	5	-0.1	0.5	0.000517744451366946	0.000514957057171127	0.000512441996531179	4921	1410525.43151212	1.02414517852725	0.538372586796387	3	TRUE	"3"
2	10	0.2	4	8	5	-0.1	0.5	0.000403543970532143	0.000400141066159163	0.000398616235814424	4930	2083501.10668526	1.22111469320704	0.843254916804403	3	TRUE	"3"
2	10	0.2	4	9	5	-0.1	0.5	0.000489053835125801	0.000478811791441751	0.000477796127507146	4939	951324.554658011	2.30193627164976	2.09425689943019	3	TRUE	"3"
2	10	0.2	4	10	5	-0.1	0.5	0.000478146536305322	0.000467640613404514	0.000465780324811818	4948	955523.869176041	2.58628068061704	2.19721823815523	3	TRUE	"3"
2	10	0.2	4	1	6	-0.1	0.5	0.000437800141996209	0.000429304783323022	0.000428500725204861	4957	863401.464209845	2.12412374946858	1.94046503375976	3	TRUE	"3"
2	10	0.2	4	2	6	-0.1	0.5	0.000497368956161038	0.000489239506931232	0.000488468568681737	4966	854724.990817926	1.78949397002948	1.63449067922404	3	TRUE	"3"
2	10	0.2	4	3	6	-0.1	0.5	0.000485653274840558	0.000476773122633949	0.000475576480297549	4975	1202329.96064966	2.07489479944671	1.82849630933187	3	TRUE	"3"
2	10	0.2	4	4	6	-0.1	0.5	0.000394588786709086	0.000388510999824752	0.000387342965346162	4984	1506869.60259303	1.83629682519749	1.54028373057009	3	TRUE	"3"
2	10	0.2	4	5	6	-0.1	0.5	0.000415087970050653	0.000411135514888849	0.000410151051002736	4993	1401371.18029737	1.18936693041579	0.952196991235787	3	TRUE	"3"
2	10	0.2	4	6	6	-0.1	0.5	0.000443456448508404	0.000433328426095658	0.000432499522475218	5002	998699.535803804	2.47080092533106	2.28388209187447	3	TRUE	"3"
2	10	0.2	4	7	6	-0.1	0.5	0.000489614143344906	0.000480197782851189	0.000478493337480938	5011	1135022.96775577	2.27134081299085	1.9232206874963	3	TRUE	"3"
2	10	0.2	4	8	6	-0.1	0.5	0.000486603737863084	0.000480827687686512	0.000478740230356685	5020	1742812.72411599	1.61599817151655	1.18701311295665	3	TRUE	"3"
2	10	0.2	4	9	6	-0.1	0.5	0.000514596475337357	0.000505055501050578	0.000502836723316652	5029	1308557.30888569	2.28523757629628	1.85406910930048	3	TRUE	"3"
2	10	0.2	4	10	6	-0.1	0.5	0.000463928274641499	0.000457324423406873	0.00045647415636754	5038	1043766.69892251	1.60673937791759	1.42346384033807	3	TRUE	"3"
2	10	0.2	4	1	7	-0.1	0.5	0.000575785236136479	0.000569737646531048	0.000566426159770131	5047	1515530.40984593	1.62544570075245	1.0503203670192	3	TRUE	"3"
2	10	0.2	4	2	7	-0.1	0.5	0.00055455846481397	0.000549382748116502	0.000547827646703129	5056	1023397.3050851	1.21372561017506	0.933304065461205	3	TRUE	"3"
2	10	0.2	4	3	7	-0.1	0.5	0.000502805457965706	0.000500868334950624	0.00049750304991287	5065	2542793.55013402	1.05456453760246	0.385262925131991	3	TRUE	"3"
2	10	0.2	4	4	7	-0.1	0.5	0.000554499064172399	0.000542658452700504	0.000540346215572561	5074	1184484.37255034	2.55236654383924	2.13537086659782	3	TRUE	"3"
2	10	0.2	4	5	7	-0.1	0.5	0.000457078137725959	0.000452520089079664	0.000451675862550426	5083	1325480.50823124	1.18191502275953	0.997214320722506	3	TRUE	"3"
2	10	0.2	4	6	7	-0.1	0.5	0.0004982433589653	0.000489574409531155	0.00048801090056471	5092	749260.363520067	2.05370693185747	1.73990265563153	3	TRUE	"3"
2	10	0.2	4	7	7	-0.1	0.5	0.0004801351737297	0.000470908535325763	0.000469444848021284	5101	1259146.9798	2.22652417346836	1.92167516748757	3	TRUE	"3"
2	10	0.2	4	8	7	-0.1	0.5	0.000545266693096074	0.000537288755525298	0.00053520797267133	5110	1641135.99510331	1.84473406355152	1.46312578262879	3	TRUE	"3"
2	10	0.2	4	9	7	-0.1	0.5	0.000489968687661095	0.000482484026721381	0.000480215333588441	5119	1927837.75501613	1.99060762825748	1.52757944093175	3	TRUE	"3"
2	10	0.2	4	10	7	-0.1	0.5	0.000488749759178922	0.000482767555225501	0.000480882456505602	5128	1403770.88561125	1.60967908946638	1.2239809516164	3	TRUE	"3"
2	10	0.2	4	1	8	-0.1	0.5	0.000434459586951355	0.000425728845299823	0.000424568286004193	5137	918020.363345782	2.27669068521871	2.00956358514182	3	TRUE	"3"
2	10	0.2	4	2	8	-0.1	0.5	0.000478479636109351	0.000464187380698915	0.000462520325686379	5146	654666.82048768	3.33542103332588	2.98701435376648	3	TRUE	"3"
2	10	0.2	4	3	8	-0.1	0.5	0.000465391145842865	0.00045658100669046	0.00045563133235741	5155	1258471.1986853	2.09712057752593	1.89306118758428	3	TRUE	"3"
2	10	0.2	4	4	8	-0.1	0.5	0.000559673318909323	0.000549661441588464	0.000547758891504035	5164	1073568.93793894	2.12881818781461	1.78887879457428	3	TRUE	"3"
2	10	0.2	4	5	8	-0.1	0.5	0.000425152706940958	0.000416808225993241	0.000416032149624161	5173	1044043.28668259	2.1452426781946	1.96270206245583	3	TRUE	"3"
2	10	0.2	4	6	8	-0.1	0.5	0.000435606746901675	0.000426643167605482	0.000425543558182942	5182	1093449.47945718	2.3101544662265	2.05772278780069	3	TRUE	"3"
2	10	0.2	4	7	8	-0.1	0.5	0.000410310718011794	0.000398942867974873	0.000397041177226666	5191	1055388.03567009	3.23402246215441	2.77054669495478	3	TRUE	"3"
2	10	0.2	4	8	8	-0.1	0.5	0.00041786900107565	0.000408901656388309	0.000406985867765729	5200	1113658.83188811	2.60443662533161	2.14597030750256	3	TRUE	"3"
2	10	0.2	4	9	8	-0.1	0.5	0.000618266895886889	0.00061607823161867	0.000612801389699932	5209	2217826.75264442	0.884004339115874	0.35399991213817	3	TRUE	"3"
2	10	0.2	4	10	8	-0.1	0.5	0.000458445304271513	0.000451579632132615	0.000450336060583468	5218	1391874.13527904	1.76885739966968	1.49759896653492	3	TRUE	"3"
2	10	0.2	4	1	9	-0.1	0.5	0.000530931102042726	0.000532599908989775	0.000529581592601739	5227	2449133.29213115	0.254177884059614	-0.31431704426963	3	TRUE	"3"
2	10	0.2	4	2	9	-0.1	0.5	0.00053906065553638	0.000541430311563084	0.000538215551757804	5236	1682060.18674425	0.156773411284439	-0.439589868480783	3	TRUE	"3"
2	10	0.2	4	3	9	-0.1	0.5	0.000401132805478847	0.00039377384241027	0.000392323693034052	5245	1149985.65278148	2.19605884247704	1.8345453096992	3	TRUE	"3"
2	10	0.2	4	4	9	-0.1	0.5	0.000395805559277356	0.000385620854203861	0.000384642213252342	5254	794374.358358875	2.82041162973952	2.57315867217472	3	TRUE	"3"
2	10	0.2	4	5	9	-0.1	0.5	0.000511847219309116	0.000514336017772907	0.000511950253697038	5263	1519893.99958768	-0.0201299106521446	-0.486238543436923	3	TRUE	"3"
2	10	0.2	4	6	9	-0.1	0.5	0.000487818075153785	0.000480067534295423	0.000477123991378181	5272	1406560.13678312	2.19222786532306	1.58881789198128	3	TRUE	"3"
2	10	0.2	4	7	9	-0.1	0.5	0.00048521097292738	0.000484048928785677	0.000481549593267503	5281	1265536.80534052	0.754595395439539	0.239492552011378	3	TRUE	"3"
2	10	0.2	4	8	9	-0.1	0.5	0.000481459846067773	0.000471742239992729	0.000469180969402192	5290	1204949.09120492	2.55034283042838	2.01836272628145	3	TRUE	"3"
2	10	0.2	4	9	9	-0.1	0.5	0.000474463184079989	0.000468233632813536	0.000467015623976734	5299	1191535.03928716	1.5696813479208	1.31296831355471	3	TRUE	"3"
2	10	0.2	4	10	9	-0.1	0.5	0.000433648172466674	0.00042973652533292	0.00042840999000697	5308	1193726.12583814	1.20793371038755	0.902032426772092	3	TRUE	"3"
2	10	0.2	4	1	10	-0.1	0.5	0.000458667396576229	0.000454246037620076	0.000452739009157281	5317	1303447.06728464	1.29252426991788	0.963957540727045	3	TRUE	"3"
2	10	0.2	4	2	10	-0.1	0.5	0.000391861408053604	0.000383800863755607	0.000382872955114594	5326	798012.614527221	2.29378365776225	2.0569885506292	3	TRUE	"3"
2	10	0.2	4	3	10	-0.1	0.5	0.000540811124628543	0.000530599899294187	0.000528938998275342	5335	1127363.37928108	2.1952444786255	1.88813152491448	3	TRUE	"3"
2	10	0.2	4	4	10	-0.1	0.5	0.000571853900096288	0.000556165179338363	0.00055469399211345	5344	765335.590090103	3.00075036297709	2.7434840883805	3	TRUE	"3"
2	10	0.2	4	5	10	-0.1	0.5	0.000428820681186166	0.000422720538796627	0.000421479444714915	5353	1153709.73974734	1.71195951905682	1.42253922377655	3	TRUE	"3"
2	10	0.2	4	6	10	-0.1	0.5	0.000447116975556794	0.000434859654366912	0.000432816632254878	5362	776805.133027921	3.19834497093469	2.74141261906192	3	TRUE	"3"
2	10	0.2	4	7	10	-0.1	0.5	0.000561827975723586	0.000545389879980925	0.000543084873113669	5371	750516.249473602	3.33609279348855	2.9258236422795	3	TRUE	"3"
2	10	0.2	4	8	10	-0.1	0.5	0.000498108988052296	0.000490422362190633	0.000489454616571855	5380	1142934.59643972	1.7374453559412	1.54316144579508	3	TRUE	"3"
2	10	0.2	4	9	10	-0.1	0.5	0.000406282009546276	0.000394545464502539	0.000392778224737235	5389	880698.161162818	3.32374668130683	2.88876808915167	3	TRUE	"3"
2	10	0.2	4	10	10	-0.1	0.5	0.000479147416592939	0.0004684708237347	0.000467214123328065	5398	953653.816573997	2.49052647507259	2.22824802733087	3	TRUE	"3"
2	10	0.4	4	1	1	-0.1	0.5	0.000389033492984881	0.000386845687816099	0.000386292791694019	6307	29879962.6364156	0.704489803649999	0.562369361053183	4	TRUE	"4"
2	10	0.4	4	2	1	-0.1	0.5	0.000479768706561347	0.000479852939136647	0.000479393130000683	6316	42700744.0914503	0.0782828382777323	-0.0175569131850351	4	TRUE	"4"
2	10	0.4	4	3	1	-0.1	0.5	0.000433647973422897	0.000430735805580247	0.00043015872724851	6325	47300023.8360926	0.80462642240563	0.671551124674574	4	TRUE	"4"
2	10	0.4	4	4	1	-0.1	0.5	0.000449456582809539	0.000446189086895494	0.000445966040300015	6334	50156347.7204471	0.776613947381732	0.726988109423166	4	TRUE	"4"
2	10	0.4	4	5	1	-0.1	0.5	0.000406898087254634	0.000407611208026233	0.000407340316692368	6343	32495607.5589549	-0.108683095739615	-0.175257833333764	4	TRUE	"4"
2	10	0.4	4	6	1	-0.1	0.5	0.000507920655216982	0.00050673134529077	0.000506185645870716	6352	43886364.9870791	0.341590626103705	0.23415269963849	4	TRUE	"4"
2	10	0.4	4	7	1	-0.1	0.5	0.000412896032390455	0.000407147742353626	0.000406916786140753	6361	23854095.1876877	1.44812392966953	1.39218824737777	4	TRUE	"4"
2	10	0.4	4	8	1	-0.1	0.5	0.000427307385286843	0.000427349834070834	0.000426506598767716	6370	50924158.6147863	0.18740292040329	-0.00993401599236332	4	TRUE	"4"
2	10	0.4	4	9	1	-0.1	0.5	0.00043089906297735	0.000429348352817	0.000429039943494324	6379	56333001.4860258	0.431451270787264	0.359877821417198	4	TRUE	"4"
2	10	0.4	4	10	1	-0.1	0.5	0.000411659107036077	0.000406894572048738	0.000406744120792086	6388	30719741.2680081	1.19394570895772	1.15739817385394	4	TRUE	"4"
2	10	0.4	4	1	2	-0.1	0.5	0.000507630139249808	0.000508867433553321	0.000508036434389997	6397	29621259.8492281	-0.0800376314906925	-0.243739330635795	4	TRUE	"4"
2	10	0.4	4	2	2	-0.1	0.5	0.000428690970258201	0.000434525153476271	0.000433371791377924	6406	78166822.8562753	-1.09188703389382	-1.36092981257712	4	TRUE	"4"
2	10	0.4	4	3	2	-0.1	0.5	0.000489901596675245	0.000491658067168201	0.000491008233238431	6415	39295577.6438465	-0.225889560413139	-0.35853536809769	4	TRUE	"4"
2	10	0.4	4	4	2	-0.1	0.5	0.000443242192535269	0.000442839767862521	0.000442271826675673	6424	37837479.2185536	0.218924523869435	0.0907911474867018	4	TRUE	"4"
2	10	0.4	4	5	2	-0.1	0.5	0.000494459485565256	0.000489761210787912	0.000489668987685739	6433	35868483.0788453	0.968835267471946	0.950183971488194	4	TRUE	"4"
2	10	0.4	4	6	2	-0.1	0.5	0.000420729650623361	0.000421413929882658	0.000420569806904703	6442	45899603.7720712	0.0379920260958677	-0.162641082767312	4	TRUE	"4"
2	10	0.4	4	7	2	-0.1	0.5	0.00041005976507362	0.000407661347412415	0.000407254286727311	6451	31232062.6800166	0.68416328185853	0.584894658166335	4	TRUE	"4"
2	10	0.4	4	8	2	-0.1	0.5	0.00035731346431702	0.000355852555696148	0.000355445482926088	6460	47434949.6488311	0.522785054994357	0.408859101815384	4	TRUE	"4"
2	10	0.4	4	9	2	-0.1	0.5	0.000459004327055492	0.000458166803977041	0.000457583337602456	6469	33387765.9953372	0.309580840370571	0.182465181499203	4	TRUE	"4"
2	10	0.4	4	10	2	-0.1	0.5	0.000385183020687715	0.000385197811313468	0.000384556756592075	6478	53121663.7931259	0.162588707706257	-0.00383989557135589	4	TRUE	"4"
2	10	0.4	4	1	3	-0.1	0.5	0.000427722043348739	0.000423752361464734	0.000423175183753781	6487	46667323.6062957	1.06304074472271	0.928098503627584	4	TRUE	"4"
2	10	0.4	4	2	3	-0.1	0.5	0.000495127502056767	0.000500987903569602	0.000499474957409882	6496	62666393.3699466	-0.878047641275459	-1.18361462219143	4	TRUE	"4"
2	10	0.4	4	3	3	-0.1	0.5	0.000478795724628423	0.000476268238481971	0.000475676464972849	6505	30344563.5567592	0.651480264990933	0.527884025784375	4	TRUE	"4"
2	10	0.4	4	4	3	-0.1	0.5	0.000403220954434213	0.000398417148755347	0.000397947491438605	6514	34954895.8599862	1.30783456008824	1.19135814397507	4	TRUE	"4"
2	10	0.4	4	5	3	-0.1	0.5	0.000408932922555983	0.000409749235078375	0.000408818795666137	6523	57561812.398831	0.0279084621342074	-0.199620152197522	4	TRUE	"4"
2	10	0.4	4	6	3	-0.1	0.5	0.000448731268399444	0.000444495201631301	0.000443570119873625	6532	37173338.0591996	1.15016467299638	0.94400971504669	4	TRUE	"4"
2	10	0.4	4	7	3	-0.1	0.5	0.000474146926262487	0.000471797754570465	0.000471378838736684	6541	42256554.0663143	0.583803747843048	0.495452266355412	4	TRUE	"4"
2	10	0.4	4	8	3	-0.1	0.5	0.000421833671114374	0.000418566354173025	0.000418512875154604	6550	29808571.7089372	0.78722875558912	0.774551005546242	4	TRUE	"4"
2	10	0.4	4	9	3	-0.1	0.5	0.000463365989397601	0.000459619011703127	0.000458712805357473	6559	45742429.548844	1.00421354751941	0.808643228076633	4	TRUE	"4"
2	10	0.4	4	10	3	-0.1	0.5	0.000503056244861829	0.000499664652458659	0.000499162880227065	6568	27990134.3695044	0.773942213128254	0.674197455614856	4	TRUE	"4"
2	10	0.4	4	1	4	-0.1	0.5	0.000413901746933407	0.000410200479935726	0.000409986459372127	6577	25342419.4308621	0.945946131005515	0.894238071016529	4	TRUE	"4"
2	10	0.4	4	2	4	-0.1	0.5	0.000415994535770443	0.000413407813906372	0.000413197633111574	6586	38218065.9132015	0.672341201234683	0.62181630806285	4	TRUE	"4"
2	10	0.4	4	3	4	-0.1	0.5	0.000441061403747274	0.000434687791344734	0.000434276810708889	6595	32906193.281096	1.53824229024431	1.44506237643773	4	TRUE	"4"
2	10	0.4	4	4	4	-0.1	0.5	0.000406852276173631	0.000403865890210584	0.000403613911344266	6604	27001009.712785	0.795955932659675	0.73402218395664	4	TRUE	"4"
2	10	0.4	4	5	4	-0.1	0.5	0.000393595629418893	0.000389872594700586	0.000389351190962284	6613	49039437.1679527	1.07837540342485	0.945903470473919	4	TRUE	"4"
2	10	0.4	4	6	4	-0.1	0.5	0.000485632229984683	0.000483168285244795	0.000482801143024622	6622	42020272.8071727	0.582969330546712	0.507368454512525	4	TRUE	"4"
2	10	0.4	4	7	4	-0.1	0.5	0.000533091097413849	0.000530660562805565	0.000529920267093679	6631	41473837.8780839	0.594800839022158	0.455932320024677	4	TRUE	"4"
2	10	0.4	4	8	4	-0.1	0.5	0.000455337874143856	0.000454087619929708	0.000453790498069916	6640	41063870.7897036	0.339830302245225	0.274577250244945	4	TRUE	"4"
2	10	0.4	4	9	4	-0.1	0.5	0.000390192150152318	0.000385350199664655	0.00038511685785505	6649	30570133.7871357	1.30071614595189	1.24091437661493	4	TRUE	"4"
2	10	0.4	4	10	4	-0.1	0.5	0.000422410259511669	0.000417962125578255	0.00041743442405167	6658	35060390.1451016	1.17796273834611	1.05303643395317	4	TRUE	"4"
2	10	0.4	4	1	5	-0.1	0.5	0.000402376506419068	0.000399891496352603	0.000399351339221272	6667	32443475.2135037	0.751825007060669	0.617583289983858	4	TRUE	"4"
2	10	0.4	4	2	5	-0.1	0.5	0.000409541085127255	0.000405813979934984	0.000405638447915358	6676	34004562.041209	0.952929352786103	0.910068690938026	4	TRUE	"4"
2	10	0.4	4	3	5	-0.1	0.5	0.000451757256771852	0.00045109691553478	0.000450389479528784	6685	54752357.9008896	0.302768184144409	0.146171694460573	4	TRUE	"4"
2	10	0.4	4	4	5	-0.1	0.5	0.000489453377043211	0.000492482858450806	0.000491192494515872	6694	51822731.9488841	-0.355318311044539	-0.618951988010807	4	TRUE	"4"
2	10	0.4	4	5	5	-0.1	0.5	0.000522339420285609	0.000523662605594914	0.000522927411119082	6703	63795761.2547266	-0.112568726509643	-0.253319059967083	4	TRUE	"4"
2	10	0.4	4	6	5	-0.1	0.5	0.00047766363933414	0.000473232249301392	0.000473117475480446	6712	39134161.1501497	0.951750034821686	0.927721866986853	4	TRUE	"4"
2	10	0.4	4	7	5	-0.1	0.5	0.000441250291239989	0.000446495754252349	0.000445174779628008	6721	61055923.8334263	-0.889401880504392	-1.18877270259004	4	TRUE	"4"
2	10	0.4	4	8	5	-0.1	0.5	0.000475972742368067	0.000472314555876007	0.000472002861065085	6730	22180310.9786752	0.83405643844876	0.768570585336403	4	TRUE	"4"
2	10	0.4	4	9	5	-0.1	0.5	0.000414829560394013	0.00042088097149492	0.00041965578429745	6739	78562695.7640401	-1.16342333435753	-1.45877046350296	4	TRUE	"4"
2	10	0.4	4	10	5	-0.1	0.5	0.00042044328037861	0.000416924531898295	0.000416615588288204	6748	31952804.5864355	0.910394402536041	0.836913953564999	4	TRUE	"4"
2	10	0.4	4	1	6	-0.1	0.5	0.000427154702188298	0.000426071331402522	0.000425270953481913	6757	49523701.1927913	0.440999173539358	0.253624923294993	4	TRUE	"4"
2	10	0.4	4	2	6	-0.1	0.5	0.000400123964074969	0.000398307923779519	0.000397916053028504	6766	43372654.5560997	0.551806751082806	0.453869415107	4	TRUE	"4"
2	10	0.4	4	3	6	-0.1	0.5	0.000456962178861526	0.000460396242618413	0.000459289354206393	6775	71346991.1043286	-0.509270887727475	-0.751498464368017	4	TRUE	"4"
2	10	0.4	4	4	6	-0.1	0.5	0.000373016387286516	0.000369269417997228	0.000369143478235211	6784	42042178.5794688	1.03826780358856	1.00450527563818	4	TRUE	"4"
2	10	0.4	4	5	6	-0.1	0.5	0.000541310573074421	0.000542082373167783	0.000541335188643539	6793	71999770.7523383	-0.00454740223863048	-0.142579903617723	4	TRUE	"4"
2	10	0.4	4	6	6	-0.1	0.5	0.000441808639549669	0.000436682712364373	0.000436750957308627	6802	22699188.2517683	1.1447676184418	1.16021433861521	4	TRUE	"4"
2	10	0.4	4	7	6	-0.1	0.5	0.000369799275069842	0.000369116376240137	0.000368925891669757	6811	31633156.7330437	0.236177693945006	0.184667433319341	4	TRUE	"4"
2	10	0.4	4	8	6	-0.1	0.5	0.00042611810105962	0.000427513283314255	0.000426869318572502	6820	42338383.3650263	-0.176293264945593	-0.327416800921077	4	TRUE	"4"
2	10	0.4	4	9	6	-0.1	0.5	0.000437819383155628	0.000433809742237904	0.000433255618374702	6829	42901348.1268559	1.04238527495807	0.915820786376353	4	TRUE	"4"
2	10	0.4	4	10	6	-0.1	0.5	0.000414534139513661	0.000413866510662065	0.000412976263313784	6838	49066578.3336866	0.375813727116603	0.161055215471351	4	TRUE	"4"
2	10	0.4	4	1	7	-0.1	0.5	0.000429140863091045	0.000426868335525868	0.000426464413680235	6847	30662314.961683	0.623676196093725	0.529552825337642	4	TRUE	"4"
2	10	0.4	4	2	7	-0.1	0.5	0.000490063730019707	0.000487944928018221	0.000487490656193252	6856	35802181.6070409	0.525048818926299	0.432352339439768	4	TRUE	"4"
2	10	0.4	4	3	7	-0.1	0.5	0.000408806208178308	0.000411174261342552	0.000410353164291748	6865	42793369.8504532	-0.378408175436773	-0.57926056817883	4	TRUE	"4"
2	10	0.4	4	4	7	-0.1	0.5	0.00036974579508946	0.000368571540365007	0.000368119561950438	6874	55768174.1266131	0.439824647263143	0.317584334980425	4	TRUE	"4"
2	10	0.4	4	5	7	-0.1	0.5	0.000364911242582109	0.000361619630390018	0.000361242721379073	6883	38482334.961938	1.00531876657933	0.90203090724188	4	TRUE	"4"
2	10	0.4	4	6	7	-0.1	0.5	0.000421132508804075	0.000419889285297154	0.000419414876917868	6892	42875964.440861	0.407860198464582	0.295209579153954	4	TRUE	"4"
2	10	0.4	4	7	7	-0.1	0.5	0.000457133589807226	0.000454504927121505	0.00045437688847996	6901	28680249.0437885	0.603040640358399	0.575031619713073	4	TRUE	"4"
2	10	0.4	4	8	7	-0.1	0.5	0.000509919216130402	0.000511129390154203	0.000510114714827694	6910	74485221.7293579	-0.0383391508119724	-0.237326616750111	4	TRUE	"4"
2	10	0.4	4	9	7	-0.1	0.5	0.000430093478571595	0.000428495170324412	0.000427817734693236	6919	54686846.5455371	0.529127734258472	0.371618805402774	4	TRUE	"4"
2	10	0.4	4	10	7	-0.1	0.5	0.00042409939612899	0.000420580903889414	0.000420110451728768	6928	29927612.9121942	0.940568281075416	0.829638587484771	4	TRUE	"4"
2	10	0.4	4	1	8	-0.1	0.5	0.000404908298231868	0.000411339350777547	0.000409989479467999	6937	52763475.1318546	-1.25489678979629	-1.58827383231259	4	TRUE	"4"
2	10	0.4	4	2	8	-0.1	0.5	0.000408240774793319	0.000405108248878245	0.000404651717016582	6946	44094747.8837139	0.879152205840839	0.767323135877329	4	TRUE	"4"
2	10	0.4	4	3	8	-0.1	0.5	0.000396263645073103	0.000396539489911972	0.000395997114502485	6955	42846131.2838351	0.0672609193227869	-0.0696114423562877	4	TRUE	"4"
2	10	0.4	4	4	8	-0.1	0.5	0.000408903821759665	0.000404069583983009	0.000403650178402888	6964	31067583.4549402	1.28481150754927	1.18224323652748	4	TRUE	"4"
2	10	0.4	4	5	8	-0.1	0.5	0.000424618169379704	0.000420516214992306	0.000420294780086389	6973	36479203.9463026	1.01818282991292	0.966033646979891	4	TRUE	"4"
2	10	0.4	4	6	8	-0.1	0.5	0.000365529948262997	0.00036352235489122	0.000363278748264205	6982	27157400.1119726	0.615872929014183	0.549228149791037	4	TRUE	"4"
2	10	0.4	4	7	8	-0.1	0.5	0.000494721107551891	0.000493696902720977	0.000493478784943835	6991	34492518.8775781	0.251115747659203	0.20702670965107	4	TRUE	"4"
2	10	0.4	4	8	8	-0.1	0.5	0.000491769113026749	0.000489870464704036	0.000489231670532725	7000	40537157.0987157	0.515982485847122	0.386085313700801	4	TRUE	"4"
2	10	0.4	4	9	8	-0.1	0.5	0.000484062443005583	0.000482377809476949	0.000481988599926157	7009	51325280.4047086	0.428424702100405	0.348019879041639	4	TRUE	"4"
2	10	0.4	4	10	8	-0.1	0.5	0.000389468088289274	0.00038393012651633	0.000383527055302904	7018	26338596.8033267	1.52542227848902	1.42192953401377	4	TRUE	"4"
2	10	0.4	4	1	9	-0.1	0.5	0.000460986382510591	0.000465650145892544	0.000464668241424822	7027	82275814.7005177	-0.798691469838753	-1.01169222321786	4	TRUE	"4"
2	10	0.4	4	2	9	-0.1	0.5	0.000429417624799078	0.00042849181778475	0.00042762995167612	7036	60780440.3234088	0.416301758409332	0.215595951554437	4	TRUE	"4"
2	10	0.4	4	3	9	-0.1	0.5	0.000475057708208232	0.000474089233918317	0.000472939507703823	7045	49115911.2756351	0.445882777567641	0.203864556490996	4	TRUE	"4"
2	10	0.4	4	4	9	-0.1	0.5	0.000509797150040688	0.00050688747202818	0.000506297096247782	7054	39757672.1252378	0.686558132509674	0.570752114301876	4	TRUE	"4"
2	10	0.4	4	5	9	-0.1	0.5	0.000424276904622621	0.000422641423828003	0.000421357325210985	7063	51108699.4915578	0.688130647656482	0.385474857763646	4	TRUE	"4"
2	10	0.4	4	6	9	-0.1	0.5	0.000403409173982716	0.000406280820229134	0.00040547722796021	7072	52234866.783859	-0.512644260683603	-0.711844556747976	4	TRUE	"4"
2	10	0.4	4	7	9	-0.1	0.5	0.00052286311535177	0.000521433046420281	0.000520720542302875	7081	33113025.7436046	0.409777049860249	0.273507327157096	4	TRUE	"4"
2	10	0.4	4	8	9	-0.1	0.5	0.000502055730287638	0.000504647064691544	0.000503586791481443	7090	64368033.1460374	-0.304958414263679	-0.516144771900384	4	TRUE	"4"
2	10	0.4	4	9	9	-0.1	0.5	0.000397047469989514	0.000392520009688552	0.000392116461729806	7099	31921238.643026	1.24191907326299	1.14028186631728	4	TRUE	"4"
2	10	0.4	4	10	9	-0.1	0.5	0.000423077837736388	0.00042235760561359	0.000421763317816078	7108	34179539.1084009	0.310704036719001	0.170236315532746	4	TRUE	"4"
2	10	0.4	4	1	10	-0.1	0.5	0.000529819121269251	0.0005271741919236	0.000526628870864856	7117	50924797.0879936	0.602139537122104	0.49921364470854	4	TRUE	"4"
2	10	0.4	4	2	10	-0.1	0.5	0.000417933261975472	0.000417137862620795	0.000415532103342424	7126	65630078.4591117	0.574531594278527	0.190317313084243	4	TRUE	"4"
2	10	0.4	4	3	10	-0.1	0.5	0.000365868179615771	0.000362915262502209	0.000362429373226294	7135	40097354.7894562	0.939903107476736	0.807098643195236	4	TRUE	"4"
2	10	0.4	4	4	10	-0.1	0.5	0.000451772450738943	0.000453060070133331	0.000452612651578816	7144	63145981.3150415	-0.185978768404116	-0.285015031855496	4	TRUE	"4"
2	10	0.4	4	5	10	-0.1	0.5	0.000466173065912983	0.000461113669842658	0.000460909163971209	7153	25326074.2293784	1.12917333211101	1.08530424434032	4	TRUE	"4"
2	10	0.4	4	6	10	-0.1	0.5	0.00050135687982675	0.000502921547675322	0.000502289033044735	7162	61990975.0087191	-0.185926084889187	-0.312086641578091	4	TRUE	"4"
2	10	0.4	4	7	10	-0.1	0.5	0.000502573738350273	0.000499775220830221	0.00049896965519132	7171	30564438.7331144	0.717125246293904	0.556837197510218	4	TRUE	"4"
2	10	0.4	4	8	10	-0.1	0.5	0.000439059158498503	0.000444147896315881	0.000442848032150986	7180	57893295.9597822	-0.862952879844281	-1.15900960471489	4	TRUE	"4"
2	10	0.4	4	9	10	-0.1	0.5	0.000463041589309687	0.000458728432001909	0.000458639089547025	7189	31377646.0555536	0.950778475260849	0.931483781879761	4	TRUE	"4"
2	10	0.4	4	10	10	-0.1	0.5	0.00049973127605704	0.000497272723832518	0.000496321254924363	7198	41417528.2612218	0.682370965368173	0.491974855750543	4	TRUE	"4"
2	10	0.6	4	1	1	-0.1	0.5	0.000413695746554277	0.000412445452110076	0.000412021298233896	7207	373296922.692415	0.404753574173289	0.302225598066908	5	TRUE	"5"
2	10	0.6	4	2	1	-0.1	0.5	0.00049144285594624	0.000493935511542011	0.000493483301097568	7216	191675223.886624	-0.415194793583695	-0.507211686081299	5	TRUE	"5"
2	10	0.6	4	3	1	-0.1	0.5	0.000480718408301158	0.000481275126330835	0.000480714530823254	7225	353332735.519353	0.000806600670277824	-0.11580959248978	5	TRUE	"5"
2	10	0.6	4	4	1	-0.1	0.5	0.000420994641687685	0.000419759613136803	0.000419513567506527	7234	232873144.44653	0.35180357052077	0.293359684087902	5	TRUE	"5"
2	10	0.6	4	5	1	-0.1	0.5	0.000400795472941611	0.000397628022253685	0.000397452358962408	7243	177676244.078291	0.834119695681002	0.790291034147361	5	TRUE	"5"
2	10	0.6	4	6	1	-0.1	0.5	0.000521134737097912	0.00052108674187034	0.000520679789528494	7252	298182093.181976	0.0872994135741711	0.00920975405309665	5	TRUE	"5"
2	10	0.6	4	7	1	-0.1	0.5	0.000478548599423926	0.000478523097401886	0.000478204100685649	7261	188426202.505827	0.0719882450166742	0.00532903493410952	5	TRUE	"5"
2	10	0.6	4	8	1	-0.1	0.5	0.000346223403986244	0.000342780627503474	0.000342594154527024	7270	227714003.543412	1.04823920550553	0.994380057249622	5	TRUE	"5"
2	10	0.6	4	9	1	-0.1	0.5	0.000447344032988989	0.000445343181641775	0.000445081171834049	7279	241845774.726571	0.505843598677291	0.447273507560852	5	TRUE	"5"
2	10	0.6	4	10	1	-0.1	0.5	0.000377793750725577	0.000375791796735652	0.00037556842624297	7288	285997922.064608	0.589031575650234	0.52990659217631	5	TRUE	"5"
2	10	0.6	4	1	2	-0.1	0.5	0.000406555878240044	0.000405367278329779	0.000405170740256873	7297	233489708.418447	0.340700518011838	0.292358313796959	5	TRUE	"5"
2	10	0.6	4	2	2	-0.1	0.5	0.000380725474899685	0.000378665669784638	0.000378418732254228	7306	239098837.945795	0.605880824251159	0.541021090219862	5	TRUE	"5"
2	10	0.6	4	3	2	-0.1	0.5	0.00040894940736159	0.000408339531951421	0.000407783017324737	7315	252949761.900614	0.285216218890771	0.149132239634175	5	TRUE	"5"
2	10	0.6	4	4	2	-0.1	0.5	0.000400598670806895	0.000397932553263337	0.000397716264844534	7324	216741811.904493	0.719524594666188	0.665533297498933	5	TRUE	"5"
2	10	0.6	4	5	2	-0.1	0.5	0.000407233131574102	0.000405298915133487	0.000405048011766727	7333	224098267.404207	0.536577119579906	0.474965392216131	5	TRUE	"5"
2	10	0.6	4	6	2	-0.1	0.5	0.000512336905146183	0.000514434089776791	0.000514084134509883	7342	318401281.301686	-0.341031330390318	-0.409337022092826	5	TRUE	"5"
2	10	0.6	4	7	2	-0.1	0.5	0.000441353782980632	0.000442363015907348	0.000441952533095237	7351	369287688.161021	-0.13566216892078	-0.22866756004678	5	TRUE	"5"
2	10	0.6	4	8	2	-0.1	0.5	0.000389386659427654	0.000395188687986889	0.000394480200837755	7360	414714344.775167	-1.30809345589518	-1.49004297367641	5	TRUE	"5"
2	10	0.6	4	9	2	-0.1	0.5	0.000497698657222022	0.000497923901843422	0.000497453262704642	7369	361946412.023416	0.0493058427663007	-0.0452572290745801	5	TRUE	"5"
2	10	0.6	4	10	2	-0.1	0.5	0.00037555738929691	0.000372143293164062	0.000371962767687108	7378	195343947.72261	0.95714309243965	0.909074413164823	5	TRUE	"5"
2	10	0.6	4	1	3	-0.1	0.5	0.000436504122635763	0.000435206418241445	0.000435020757533007	7387	205162437.190659	0.339828429064815	0.297294876960608	5	TRUE	"5"
2	10	0.6	4	2	3	-0.1	0.5	0.000384220462406466	0.000382446958648823	0.000382062645510604	7396	245264027.854373	0.561609051831014	0.461584931352976	5	TRUE	"5"
2	10	0.6	4	3	3	-0.1	0.5	0.000418260731206988	0.00042060312614903	0.000419644904961109	7405	419053725.984681	-0.330935622411133	-0.560032240005515	5	TRUE	"5"
2	10	0.6	4	4	3	-0.1	0.5	0.000452475478686787	0.000452714218539868	0.0004520592332159	7414	244387173.742236	0.0919929345331028	-0.052763047795179	5	TRUE	"5"
2	10	0.6	4	5	3	-0.1	0.5	0.000474491075613434	0.000477339970400674	0.000476827266137845	7423	249123201.999486	-0.492357105218533	-0.600410615427682	5	TRUE	"5"
2	10	0.6	4	6	3	-0.1	0.5	0.000477519126064374	0.000476978273350414	0.00047671318723156	7432	205281063.090884	0.168776241374158	0.113263047371026	5	TRUE	"5"
2	10	0.6	4	7	3	-0.1	0.5	0.000416063520058797	0.000414019732615613	0.000413880081060141	7441	199732096.770061	0.524785013198947	0.491220052864816	5	TRUE	"5"
2	10	0.6	4	8	3	-0.1	0.5	0.00045629770273398	0.000454023468532087	0.000453737632677377	7450	247964060.96622	0.561052585025912	0.498410180079045	5	TRUE	"5"
2	10	0.6	4	9	3	-0.1	0.5	0.000466185165469607	0.000465888275336511	0.000465369066623779	7459	301143908.071666	0.175058947876638	0.0636850236958919	5	TRUE	"5"
2	10	0.6	4	10	3	-0.1	0.5	0.000371372632045573	0.000368761261863773	0.000368702881021096	7468	216404876.463987	0.718887390751233	0.703167103999081	5	TRUE	"5"
2	10	0.6	4	1	4	-0.1	0.5	0.000394030929206809	0.000392061905967681	0.000392035748589096	7477	197519357.172419	0.506351270883598	0.49971286342716	5	TRUE	"5"
2	10	0.6	4	2	4	-0.1	0.5	0.000539384900706109	0.000539143265039462	0.000538688583792579	7486	184234775.037703	0.129094624751003	0.0447983742835056	5	TRUE	"5"
2	10	0.6	4	3	4	-0.1	0.5	0.000389581006232179	0.000397866946680065	0.000397007521213995	7495	327456761.148475	-1.90628261209169	-2.12688511897006	5	TRUE	"5"
2	10	0.6	4	4	4	-0.1	0.5	0.000485227333903036	0.000489196560896365	0.000488829899806021	7504	361177326.777456	-0.742449085464147	-0.818013890809	5	TRUE	"5"
2	10	0.6	4	5	4	-0.1	0.5	0.000490381249752773	0.000491929045279048	0.000491012157235661	7513	313629198.650972	-0.128656526570992	-0.315631057887167	5	TRUE	"5"
2	10	0.6	4	6	4	-0.1	0.5	0.00047993349607175	0.000483700815728485	0.000483122351835379	7522	298431596.241238	-0.664437008404173	-0.784967018882932	5	TRUE	"5"
2	10	0.6	4	7	4	-0.1	0.5	0.000493981152047702	0.000492237189226219	0.000491755303895998	7531	258240779.440164	0.450593740768634	0.353042381121993	5	TRUE	"5"
2	10	0.6	4	8	4	-0.1	0.5	0.000438770036388999	0.000438083003249613	0.000437625768692587	7540	299511295.804044	0.260789844682541	0.156581599108307	5	TRUE	"5"
2	10	0.6	4	9	4	-0.1	0.5	0.000423078779854442	0.000422980454458696	0.000422816832640576	7549	227927512.32473	0.0619145242774399	0.0232404460889901	5	TRUE	"5"
2	10	0.6	4	10	4	-0.1	0.5	0.000509163135867174	0.000514366599492944	0.000513580361528139	7558	470838552.942438	-0.867546243983686	-1.02196393635368	5	TRUE	"5"
2	10	0.6	4	1	5	-0.1	0.5	0.000547881087240506	0.000550654401992638	0.000550160623559684	7567	333854474.791298	-0.416064064313404	-0.506189174388227	5	TRUE	"5"
2	10	0.6	4	2	5	-0.1	0.5	0.000398903579049641	0.000395687345480334	0.000395426773006001	7576	178557854.032967	0.871590586357618	0.806268416284828	5	TRUE	"5"
2	10	0.6	4	3	5	-0.1	0.5	0.000398229582085994	0.000396590750837479	0.000396248484358222	7585	233679999.005028	0.497476284256626	0.411529259059695	5	TRUE	"5"
2	10	0.6	4	4	5	-0.1	0.5	0.000460754237544276	0.000460168952379188	0.000459819617462753	7594	169522636.568279	0.202845683309272	0.127027625010556	5	TRUE	"5"
2	10	0.6	4	5	5	-0.1	0.5	0.000423276832298966	0.000420694782238017	0.000420373735632885	7603	200032950.37682	0.685862406008309	0.610014502075396	5	TRUE	"5"
2	10	0.6	4	6	5	-0.1	0.5	0.000467513943608331	0.00046584994251095	0.000465553207258761	7612	279929156.981886	0.419396335954447	0.355925447814032	5	TRUE	"5"
2	10	0.6	4	7	5	-0.1	0.5	0.000478610303172589	0.000480789687078939	0.000480412622923908	7621	260034067.958155	-0.376573537880653	-0.455356663219209	5	TRUE	"5"
2	10	0.6	4	8	5	-0.1	0.5	0.000393226060453764	0.000390773454219125	0.000390570518145521	7630	185282664.44521	0.675322053980476	0.623714062035663	5	TRUE	"5"
2	10	0.6	4	9	5	-0.1	0.5	0.000415899431992017	0.000419764770258777	0.000419172800574713	7639	310775619.229244	-0.787057718982198	-0.929392533249285	5	TRUE	"5"
2	10	0.6	4	10	5	-0.1	0.5	0.00047451614174254	0.000476172687132775	0.000475799952777191	7648	232581664.498546	-0.270551604406122	-0.349102010345059	5	TRUE	"5"
2	10	0.6	4	1	6	-0.1	0.5	0.000410641687099571	0.000413929090824047	0.000413665252730836	7657	267297221.088666	-0.73630265174025	-0.800552848809755	5	TRUE	"5"
2	10	0.6	4	2	6	-0.1	0.5	0.00039695714152695	0.000398253607838762	0.000397661454950197	7666	357451792.974744	-0.177428077131236	-0.326601080112821	5	TRUE	"5"
2	10	0.6	4	3	6	-0.1	0.5	0.000385596911850711	0.000387073355591136	0.000386794681479179	7675	292928010.698474	-0.310627391365625	-0.382898227410244	5	TRUE	"5"
2	10	0.6	4	4	6	-0.1	0.5	0.000481578582223754	0.000487152818254636	0.000486489957125723	7684	382898570.08053	-1.01984911357367	-1.15749251246644	5	TRUE	"5"
2	10	0.6	4	5	6	-0.1	0.5	0.000379217210426547	0.000376919183913209	0.000376665425918894	7693	175231727.324223	0.672908411720696	0.605992146493861	5	TRUE	"5"
2	10	0.6	4	6	6	-0.1	0.5	0.000426610795578392	0.000424047542500037	0.000423740497978452	7702	211269302.657627	0.672814103555064	0.600841119100093	5	TRUE	"5"
2	10	0.6	4	7	6	-0.1	0.5	0.000519328181809798	0.000520558901697583	0.000519960383396544	7711	307091876.620683	-0.121734504093873	-0.236983073688801	5	TRUE	"5"
2	10	0.6	4	8	6	-0.1	0.5	0.000381525978182852	0.000377718344839341	0.000377661829886452	7720	168284511.196844	1.01281394121687	0.998001069716459	5	TRUE	"5"
2	10	0.6	4	9	6	-0.1	0.5	0.000443565650596645	0.000443908069521136	0.000443685819359075	7729	168188893.947403	-0.0270915392722726	-0.0771968983690252	5	TRUE	"5"
2	10	0.6	4	10	6	-0.1	0.5	0.000432142878417701	0.000431813112716729	0.000431111837086324	7738	339172689.832787	0.238588064936363	0.0763094146499554	5	TRUE	"5"
2	10	0.6	4	1	7	-0.1	0.5	0.000449867611872999	0.00044890316007718	0.000448483742976321	7747	292971108.20349	0.307616921101894	0.214385692671581	5	TRUE	"5"
2	10	0.6	4	2	7	-0.1	0.5	0.000532204619572248	0.000537845003836519	0.000537140890527515	7756	354208759.91261	-0.927513736959695	-1.05981497657881	5	TRUE	"5"
2	10	0.6	4	3	7	-0.1	0.5	0.000407219802137376	0.000403601144588387	0.000403365739485197	7765	162577742.082863	0.94643301527817	0.888625142980703	5	TRUE	"5"
2	10	0.6	4	4	7	-0.1	0.5	0.000453850532625203	0.000450748329314355	0.000450354992865784	7774	201427391.955264	0.770196244829713	0.683529727926946	5	TRUE	"5"
2	10	0.6	4	5	7	-0.1	0.5	0.000403587452664048	0.000400947369968794	0.000400815717991773	7783	182742019.819098	0.686774242850985	0.65415380924928	5	TRUE	"5"
2	10	0.6	4	6	7	-0.1	0.5	0.000371421242364397	0.000373193440806943	0.000372290883755347	7792	329238816.228413	-0.234138840690634	-0.477139764883816	5	TRUE	"5"
2	10	0.6	4	7	7	-0.1	0.5	0.000437128735414593	0.00044145287048728	0.000441099268415009	7801	326714358.71429	-0.908321205800156	-0.989213181921289	5	TRUE	"5"
2	10	0.6	4	8	7	-0.1	0.5	0.000487697212528545	0.000486626327287002	0.000486161076497471	7810	242965338.992388	0.314977406393113	0.219579938952452	5	TRUE	"5"
2	10	0.6	4	9	7	-0.1	0.5	0.000410513440737844	0.000407496805964301	0.000407452976270114	7819	191296181.164991	0.745521136221305	0.734844337403662	5	TRUE	"5"
2	10	0.6	4	10	7	-0.1	0.5	0.000409831448990084	0.000416388437869266	0.000415549422232921	7828	504727560.942655	-1.39520118744603	-1.59992330879923	5	TRUE	"5"
2	10	0.6	4	1	8	-0.1	0.5	0.000383914964920736	0.000384438255522882	0.000384221840552505	7837	237706827.497253	-0.0799332299621813	-0.136303778169755	5	TRUE	"5"
2	10	0.6	4	2	8	-0.1	0.5	0.000511569056334937	0.000511832227418806	0.000511252513202348	7846	261938877.535437	0.0618769115662943	-0.05144390197378	5	TRUE	"5"
2	10	0.6	4	3	8	-0.1	0.5	0.000413749370059108	0.000412068957766348	0.000411895118363483	7855	207126091.168495	0.448158191844394	0.40614256222794	5	TRUE	"5"
2	10	0.6	4	4	8	-0.1	0.5	0.000530947102796626	0.000529749076747104	0.000529228935769602	7864	271680433.358403	0.323604181654691	0.225639436247349	5	TRUE	"5"
2	10	0.6	4	5	8	-0.1	0.5	0.000453423410283723	0.000452012238237794	0.000451764847643747	7873	259926388.548705	0.365786724364026	0.311226110942531	5	TRUE	"5"
2	10	0.6	4	6	8	-0.1	0.5	0.000492753180470711	0.000494635591751865	0.000493976506460587	7882	366345154.904445	-0.248263438646501	-0.382019103226439	5	TRUE	"5"
2	10	0.6	4	7	8	-0.1	0.5	0.000585660737480596	0.000586515070613756	0.000585985841706413	7891	277495413.330863	-0.0555106745272704	-0.145875090899072	5	TRUE	"5"
2	10	0.6	4	8	8	-0.1	0.5	0.000415313137039854	0.000415816818315972	0.000415444865223489	7900	291829878.711243	-0.031717798424058	-0.121277472633774	5	TRUE	"5"
2	10	0.6	4	9	8	-0.1	0.5	0.000475335802062697	0.000478650471820892	0.000477601780626568	7909	446689101.726522	-0.476711106977001	-0.697332232037051	5	TRUE	"5"
2	10	0.6	4	10	8	-0.1	0.5	0.000507637905621696	0.000505946056617831	0.000505726520933076	7918	220284884.970791	0.376525209692236	0.333278698286532	5	TRUE	"5"
2	10	0.6	4	1	9	-0.1	0.5	0.000407350236519604	0.000408059956593825	0.000407722981193468	7927	341619062.807923	-0.0915047152173498	-0.174228467444837	5	TRUE	"5"
2	10	0.6	4	2	9	-0.1	0.5	0.000400138211980505	0.0003983904823772	0.000398041091727877	7936	214323770.145382	0.524098971264819	0.436781479742843	5	TRUE	"5"
2	10	0.6	4	3	9	-0.1	0.5	0.000407411710395204	0.000407045780319719	0.000406828277130052	7945	281080659.408306	0.143204834388722	0.089818251696816	5	TRUE	"5"
2	10	0.6	4	4	9	-0.1	0.5	0.000538051389278398	0.000542471617969944	0.000541346663048014	7954	598960484.822325	-0.612445917858495	-0.821525374643883	5	TRUE	"5"
2	10	0.6	4	5	9	-0.1	0.5	0.000424288220542969	0.000423977048457529	0.000423888197481215	7963	232776078.101554	0.0942809727881522	0.0733397889391862	5	TRUE	"5"
2	10	0.6	4	6	9	-0.1	0.5	0.000459090391214567	0.00045691294799141	0.000456784169071591	7972	267923648.775667	0.502345983951957	0.474295098487321	5	TRUE	"5"
2	10	0.6	4	7	9	-0.1	0.5	0.000395334940395781	0.000393855676762956	0.000393843149771254	7981	174074440.084676	0.37734853970478	0.37417983630389	5	TRUE	"5"
2	10	0.6	4	8	9	-0.1	0.5	0.000403883461443097	0.000404835530847858	0.000404426991429445	7990	311492534.914255	-0.134575945349891	-0.235728742484076	5	TRUE	"5"
2	10	0.6	4	9	9	-0.1	0.5	0.000449660869770832	0.000447464803661386	0.000447047269708748	7999	292299208.182345	0.581238048001786	0.488382747328053	5	TRUE	"5"
2	10	0.6	4	10	9	-0.1	0.5	0.000341355686935535	0.000337624846395539	0.000337488334701334	8008	163062434.387358	1.1329391547333	1.0929481132976	5	TRUE	"5"
2	10	0.6	4	1	10	-0.1	0.5	0.000350858893164762	0.000347112101265316	0.000347041827366814	8017	213078643.315807	1.08792049234341	1.06789138666252	5	TRUE	"5"
2	10	0.6	4	2	10	-0.1	0.5	0.000407929393383773	0.000413288572216968	0.000412606497853421	8026	420458431.504732	-1.14654755099919	-1.31375157566866	5	TRUE	"5"
2	10	0.6	4	3	10	-0.1	0.5	0.000408553635769039	0.000407382606368633	0.000407150970655348	8035	201418145.511197	0.343324594591055	0.286628069825323	5	TRUE	"5"
2	10	0.6	4	4	10	-0.1	0.5	0.000375062382576104	0.000373189735843048	0.000373028218149448	8044	191564325.82329	0.542353624664693	0.499289403590353	5	TRUE	"5"
2	10	0.6	4	5	10	-0.1	0.5	0.000423771464872698	0.00042051747765197	0.000420256496496569	8053	147145808.48045	0.829449046831277	0.767863693159598	5	TRUE	"5"
2	10	0.6	4	6	10	-0.1	0.5	0.000441393089630797	0.000438183363181354	0.000438038430071046	8062	180156270.865194	0.760016329788293	0.72718094706189	5	TRUE	"5"
2	10	0.6	4	7	10	-0.1	0.5	0.000391676715444051	0.000390768778428399	0.000390529388795768	8071	213444640.76333	0.292926947924965	0.231807758759073	5	TRUE	"5"
2	10	0.6	4	8	10	-0.1	0.5	0.000467941016752053	0.000466196499431709	0.000465937445120315	8080	223291186.656263	0.4281675595878	0.372807097025307	5	TRUE	"5"
2	10	0.6	4	9	10	-0.1	0.5	0.000418524220921217	0.000418836687355524	0.000418527634264193	8089	253416362.488669	-0.000815566412981639	-0.0746591042256162	5	TRUE	"5"
2	10	0.6	4	10	10	-0.1	0.5	0.000445773574929653	0.000445362669312482	0.000445053475114705	8098	291072282.164318	0.161539367841879	0.092178101233531	5	TRUE	"5"
